0 -65
0.0212549 -65.0079
0.0670653 -65.0238
0.173488 -65.0577
0.347801 -65.1087
0.522115 -65.1566
0.811564 -65.2302
1.10101 -65.2996
1.39046 -65.3657
1.98858 -65.4957
2.5867 -65.6187
3.59544 -65.8139
4.60417 -65.9969
5.61291 -66.1704
7.23595 -66.433
8.85899 -66.678
11.7602 -67.0774
14.6614 -67.4339
17.5626 -67.7523
20.4639 -68.0364
25.0926 -68.4275
29.7213 -68.7536
37.1145 -69.1654
44.5078 -69.4741
51.9011 -69.7059
59.2943 -69.88
66.6876 -70.0105
74.0809 -70.1082
81.4741 -70.1813
92.9833 -70.2605
104.493 -70.3114
116.002 -70.3436
127.511 -70.364
139.02 -70.3767
150.529 -70.3847
168.788 -70.3921
187.047 -70.396
205.306 -70.3977
223.565 -70.3983
254.306 -70.3983
309.945 -70.3977
365.584 -70.3978
421.222 -70.3984
550.442 -70.3983
679.661 -70.3976
918.923 -70.3975
1000 -70.3975
1000 -70.3975
1000 -70.3975
1000 -70.3527
1000 -70.3101
1000.01 -70.2466
1000.01 -70.1526
1000.02 -69.9869
1000.03 -69.8298
1000.04 -69.6785
1000.05 -69.5315
1000.07 -69.2849
1000.08 -69.0479
1000.11 -68.6988
1000.13 -68.3664
1000.16 -68.0486
1000.2 -67.5512
1000.24 -67.0842
1000.32 -66.3181
1000.39 -65.6197
1000.47 -64.9778
1000.54 -64.3845
1000.62 -63.8337
1000.74 -63.0161
1000.86 -62.28
1000.98 -61.6115
1001.17 -60.6898
1001.36 -59.8742
1001.54 -59.1432
1001.87 -58.0419
1002.19 -57.087
1002.51 -56.2425
1002.83 -55.4826
1003.15 -54.7845
1003.47 -54.1336
1003.97 -53.1958
1004.46 -52.3151
1004.96 -51.4612
1005.45 -50.5979
1005.95 -49.707
1006.44 -48.7168
1006.94 -47.5709
1007.06 -47.2382
1007.18 -46.881
1007.31 -46.4896
1007.43 -46.0524
1007.55 -45.5493
1007.76 -44.5006
1007.97 -42.9705
1008.1 -41.3867
1008.24 -38.6133
1008.27 -37.5557
1008.31 -36.189
1008.34 -34.3595
1008.38 -31.7965
1008.41 -27.9594
1008.45 -21.761
1008.48 -11.2948
1008.5 -1.76985
1008.51 5.0222
1008.53 12.0294
1008.54 18.6562
1008.55 24.408
1008.57 29.0094
1008.58 32.441
1008.59 34.8654
1008.6 36.505
1008.62 37.5591
1008.63 38.1776
1008.64 38.4662
1008.66 38.4991
1008.67 38.3276
1008.68 37.9865
1008.7 37.1684
1008.72 36.0438
1008.74 34.6522
1008.76 33.0299
1008.78 31.2064
1008.8 29.2113
1008.82 27.0757
1008.86 23.5343
1008.89 19.8231
1008.92 16.0472
1008.95 12.3135
1008.98 8.68487
1009.01 5.19355
1009.05 1.86784
1009.08 -1.27638
1009.11 -4.24059
1009.14 -7.04108
1009.17 -9.70804
1009.21 -12.2811
1009.24 -14.8063
1009.27 -17.333
1009.3 -19.9139
1009.33 -22.6035
1009.36 -25.4568
1009.4 -28.5211
1009.43 -31.8249
1009.46 -35.3549
1009.49 -39.0307
1009.52 -42.6884
1009.55 -46.1097
1009.59 -49.1075
1009.62 -51.5786
1009.65 -53.5329
1009.68 -55.048
1009.71 -56.2151
1009.74 -57.1117
1009.78 -57.7972
1009.81 -58.3179
1009.84 -58.7105
1009.87 -59.004
1009.92 -59.309
1009.97 -59.4915
1010.02 -59.5869
1010.06 -59.6211
1010.11 -59.6118
1010.16 -59.5722
1010.21 -59.5127
1010.26 -59.441
1010.31 -59.3625
1010.35 -59.2817
1010.4 -59.2015
1010.45 -59.1244
1010.5 -59.0521
1010.55 -58.9858
1010.6 -58.9263
1010.64 -58.874
1010.69 -58.8289
1010.74 -58.791
1010.79 -58.7601
1010.84 -58.736
1010.91 -58.7114
1010.98 -58.6998
1011.06 -58.6998
1011.13 -58.7097
1011.2 -58.728
1011.27 -58.7532
1011.35 -58.7837
1011.42 -58.8181
1011.49 -58.8553
1011.56 -58.8937
1011.64 -58.9324
1011.71 -58.9701
1011.78 -59.006
1011.86 -59.0394
1011.97 -59.083
1012.07 -59.1173
1012.18 -59.1409
1012.29 -59.1527
1012.4 -59.1524
1012.51 -59.1397
1012.68 -59.097
1012.84 -59.0271
1013.01 -58.9316
1013.18 -58.8129
1013.34 -58.6732
1013.51 -58.5148
1013.67 -58.3398
1013.84 -58.1505
1014.09 -57.8432
1014.34 -57.5141
1014.59 -57.1684
1014.84 -56.8104
1015.09 -56.4437
1015.34 -56.0714
1015.76 -55.4274
1016.19 -54.7826
1016.62 -54.1426
1017.3 -53.1417
1017.97 -52.1598
1018.65 -51.1854
1019.33 -50.2009
1020.01 -49.1653
1020.69 -48.0356
1021.37 -46.6068
1021.54 -46.1751
1021.71 -45.701
1021.88 -45.1616
1022.05 -44.4664
1022.22 -43.6052
1022.38 -42.4158
1022.55 -40.6
1022.68 -38.4174
1022.76 -35.7163
1022.82 -32.2923
1022.87 -28.1449
1022.91 -20.8423
1022.96 -7.0739
1022.96 -5.22694
1022.97 -3.36799
1022.97 -1.43627
1022.97 0.570799
1022.98 2.62328
1022.98 4.69723
1022.99 6.78256
1022.99 8.86875
1023 10.937
1023 12.9662
1023.01 14.9394
1023.01 17.7976
1023.02 20.4588
1023.03 22.8961
1023.03 25.0915
1023.04 28.5351
1023.06 31.1618
1023.07 33.0789
1023.08 34.4169
1023.1 35.2924
1023.11 35.7976
1023.12 36.0029
1023.13 35.961
1023.15 35.5084
1023.17 34.6664
1023.19 33.4969
1023.21 32.0474
1023.23 30.359
1023.25 28.4687
1023.27 26.4118
1023.3 22.7471
1023.33 18.866
1023.36 14.9005
1023.4 10.9631
1023.43 7.13892
1023.46 3.48384
1023.49 0.0286883
1023.52 -3.21818
1023.55 -6.26837
1023.59 -9.15043
1023.62 -11.906
1023.65 -14.5858
1023.68 -17.2459
1023.71 -19.9454
1023.75 -22.7449
1023.78 -25.7028
1023.82 -30.5817
1023.87 -35.9725
1023.92 -41.6435
1023.97 -46.9793
1024.02 -51.3152
1024.07 -54.4008
1024.11 -56.4809
1024.15 -57.608
1024.18 -58.4939
1024.22 -59.1553
1024.25 -59.6341
1024.29 -59.9892
1024.32 -60.261
1024.36 -60.4633
1024.39 -60.603
1024.43 -60.6919
1024.46 -60.7442
1024.49 -60.7693
1024.53 -60.7715
1024.56 -60.7537
1024.6 -60.7201
1024.63 -60.6748
1024.67 -60.6209
1024.7 -60.5603
1024.74 -60.4945
1024.77 -60.4254
1024.83 -60.3127
1024.88 -60.1994
1024.94 -60.089
1024.99 -59.9836
1025.04 -59.8849
1025.1 -59.7938
1025.15 -59.7109
1025.21 -59.6367
1025.26 -59.5712
1025.32 -59.5145
1025.37 -59.4662
1025.43 -59.4262
1025.48 -59.394
1025.54 -59.3692
1025.62 -59.3435
1025.71 -59.3332
1025.8 -59.3356
1025.89 -59.3482
1025.97 -59.3684
1026.06 -59.3936
1026.15 -59.4213
1026.24 -59.4497
1026.32 -59.4769
1026.41 -59.5012
1026.5 -59.5214
1026.59 -59.5364
1026.68 -59.5453
1026.76 -59.5474
1026.85 -59.5424
1026.94 -59.5297
1027.07 -59.4954
1027.21 -59.4428
1027.34 -59.3724
1027.48 -59.2848
1027.61 -59.1811
1027.74 -59.0624
1027.88 -58.9299
1028.1 -58.6902
1028.31 -58.4234
1028.53 -58.1347
1028.75 -57.829
1028.96 -57.5102
1029.32 -56.9703
1029.67 -56.4181
1030.03 -55.863
1030.38 -55.3117
1030.74 -54.7688
1031.09 -54.2369
1031.65 -53.4305
1032.2 -52.6547
1032.76 -51.9054
1033.31 -51.1733
1033.86 -50.4498
1034.42 -49.7161
1034.97 -48.9627
1035.53 -48.1256
1036.08 -47.1854
1036.22 -46.9188
1036.36 -46.6391
1036.5 -46.3385
1036.64 -46.0101
1036.78 -45.6402
1037.01 -44.9136
1037.24 -43.9945
1037.47 -42.6713
1037.52 -42.2218
1037.58 -41.6969
1037.64 -41.0664
1037.7 -40.3128
1037.75 -39.3673
1037.81 -38.1249
1037.87 -36.3913
1037.92 -33.8093
1037.96 -31.1463
1038 -27.031
1038.04 -20.2011
1038.08 -8.55556
1038.1 -0.86904
1038.12 7.66341
1038.14 16.008
1038.15 21.0664
1038.16 25.3279
1038.17 28.719
1038.19 31.2867
1038.2 33.1494
1038.21 34.4412
1038.23 35.279
1038.24 35.7532
1038.25 35.9315
1038.26 35.8649
1038.28 35.3849
1038.3 34.5243
1038.32 33.342
1038.34 31.8837
1038.36 30.1893
1038.38 28.295
1038.41 25.137
1038.44 21.7181
1038.47 18.1473
1038.49 14.5235
1038.52 10.9288
1038.55 7.42586
1038.58 4.05903
1038.61 0.855763
1038.64 -2.17279
1038.68 -6.44942
1038.73 -10.4076
1038.77 -14.1715
1038.81 -17.8765
1038.86 -21.6805
1038.9 -25.7324
1038.95 -30.2084
1038.99 -35.145
1039.03 -40.3718
1039.08 -45.4318
1039.12 -49.7802
1039.17 -53.1137
1039.21 -55.516
1039.25 -57.2375
1039.3 -58.4893
1039.34 -59.378
1039.39 -59.9826
1039.43 -60.3837
1039.47 -60.6528
1039.52 -60.8299
1039.56 -60.9328
1039.61 -60.9741
1039.65 -60.97
1039.69 -60.9354
1039.74 -60.8792
1039.78 -60.8063
1039.83 -60.7208
1039.87 -60.6273
1039.91 -60.5299
1039.96 -60.4317
1040 -60.3344
1040.05 -60.2395
1040.09 -60.1483
1040.13 -60.062
1040.18 -59.9813
1040.22 -59.9066
1040.27 -59.8381
1040.31 -59.776
1040.38 -59.6883
1040.45 -59.6172
1040.52 -59.5621
1040.6 -59.5219
1040.67 -59.4952
1040.74 -59.4805
1040.81 -59.4764
1040.88 -59.4815
1040.95 -59.494
1041.03 -59.5126
1041.1 -59.5356
1041.17 -59.5618
1041.24 -59.5898
1041.31 -59.6186
1041.38 -59.647
1041.49 -59.6877
1041.6 -59.7228
1041.71 -59.75
1041.82 -59.7676
1041.93 -59.7746
1042.1 -59.7635
1042.27 -59.7253
1042.43 -59.6605
1042.6 -59.5701
1042.76 -59.4562
1042.93 -59.3208
1043.1 -59.1663
1043.26 -58.9953
1043.53 -58.6955
1043.79 -58.3687
1044.06 -58.0226
1044.32 -57.6637
1044.58 -57.2975
1045 -56.713
1045.42 -56.1337
1045.84 -55.5681
1046.26 -55.0211
1046.67 -54.4953
1047.09 -53.9917
1047.81 -53.181
1048.52 -52.4252
1049.23 -51.7125
1049.95 -51.0349
1050.66 -50.3692
1051.38 -49.7281
1052.09 -49.054
1052.8 -48.3407
1053.52 -47.4751
1053.7 -47.2416
1053.87 -47.017
1054.05 -46.7921
1054.23 -46.4909
1054.41 -46.1359
1054.59 -45.7707
1054.77 -45.4022
1054.94 -45.0444
1055.12 -44.5338
1055.3 -43.7985
1055.48 -42.8319
1055.66 -41.4886
1055.84 -39.4959
1055.88 -38.6858
1055.93 -37.5117
1055.97 -35.9813
1056.02 -34.0231
1056.06 -31.1095
1056.1 -26.3744
1056.12 -24.7389
1056.13 -22.8178
1056.14 -20.5607
1056.15 -17.9192
1056.16 -14.8212
1056.17 -11.2191
1056.18 -7.08756
1056.19 -2.4761
1056.2 2.49445
1056.22 7.62035
1056.23 12.6581
1056.24 17.3677
1056.25 21.5634
1056.26 25.1408
1056.27 28.0773
1056.28 30.4092
1056.29 32.2039
1056.31 33.5385
1056.32 34.4883
1056.33 35.1203
1056.34 35.5981
1056.36 35.5968
1056.38 35.2114
1056.4 34.5035
1056.41 33.5224
1056.43 32.3065
1056.45 30.8851
1056.48 27.8531
1056.51 24.3782
1056.54 20.6078
1056.57 16.6849
1056.61 12.7346
1056.64 8.85642
1056.67 5.11991
1056.7 1.56779
1056.73 -1.77933
1056.76 -4.92194
1056.79 -7.88015
1056.83 -10.6899
1056.86 -13.3979
1056.89 -16.0576
1056.92 -18.7262
1056.95 -21.4629
1056.98 -24.3267
1057.01 -27.3717
1057.05 -30.637
1057.08 -34.1296
1057.11 -37.8002
1057.14 -41.5219
1057.17 -45.0993
1057.2 -48.3324
1057.23 -51.0819
1057.27 -53.3177
1057.3 -55.0919
1057.33 -56.4858
1057.36 -57.5766
1057.39 -58.4271
1057.42 -59.0867
1057.45 -59.5951
1057.5 -60.1493
1057.55 -60.5085
1057.6 -60.7277
1057.65 -60.845
1057.69 -60.8885
1057.74 -60.8787
1057.79 -60.8309
1057.84 -60.7564
1057.89 -60.6638
1057.93 -60.5598
1057.98 -60.45
1058.03 -60.3383
1058.08 -60.228
1058.12 -60.1214
1058.17 -60.0205
1058.22 -59.9264
1058.27 -59.8402
1058.32 -59.7622
1058.4 -59.6491
1058.48 -59.5607
1058.56 -59.4957
1058.64 -59.4523
1058.73 -59.4283
1058.81 -59.4212
1058.89 -59.4285
1058.97 -59.4477
1059.05 -59.4764
1059.13 -59.5121
1059.22 -59.5526
1059.3 -59.5959
1059.38 -59.6402
1059.46 -59.684
1059.54 -59.7258
1059.62 -59.7646
1059.75 -59.8153
1059.87 -59.8544
1060 -59.8803
1060.12 -59.892
1060.24 -59.8892
1060.37 -59.8719
1060.49 -59.8404
1060.61 -59.7953
1060.74 -59.7373
1060.93 -59.6238
1061.12 -59.4848
1061.31 -59.3242
1061.5 -59.1453
1061.7 -58.9515
1061.99 -58.6375
1062.28 -58.3053
1062.56 -57.9623
1062.85 -57.6145
1063.14 -57.2663
1063.43 -56.9213
1063.91 -56.3664
1064.39 -55.8352
1064.87 -55.3313
1065.34 -54.8559
1065.82 -54.4086
1066.3 -53.9882
1067.02 -53.4042
1067.73 -52.869
1068.45 -52.3755
1069.17 -51.9136
1069.88 -51.4807
1070.6 -51.0627
1071.32 -50.6726
1072.03 -50.2604
1072.75 -49.8691
1073.46 -49.4735
1074.18 -49.0854
1074.9 -48.6304
1075.61 -48.1814
1075.79 -48.063
1075.97 -47.9341
1076.15 -47.7974
1076.33 -47.6664
1076.51 -47.5253
1076.69 -47.4024
1076.87 -47.2464
1077.05 -47.0761
1077.23 -46.8807
1077.41 -46.7062
1077.58 -46.5335
1077.76 -46.3693
1077.94 -46.1545
1078.12 -45.9006
1078.3 -45.5866
1078.48 -45.2781
1078.66 -44.9439
1078.84 -44.5833
1079.02 -44.1125
1079.2 -43.4897
1079.38 -42.595
1079.55 -41.2898
1079.68 -39.9064
1079.8 -37.5356
1079.83 -36.6687
1079.87 -35.5982
1079.9 -34.2518
1079.94 -31.3502
1079.99 -26.583
1080.02 -21.9782
1080.05 -15.1112
1080.07 -8.63657
1080.09 -0.739604
1080.11 7.99242
1080.13 16.3926
1080.14 21.1528
1080.15 25.1339
1080.17 28.2983
1080.18 30.7002
1080.19 32.4474
1080.21 33.658
1080.22 34.4351
1080.23 34.8591
1080.25 34.991
1080.26 34.8767
1080.28 34.297
1080.3 33.3044
1080.32 31.9616
1080.34 30.3202
1080.36 28.427
1080.38 26.3256
1080.41 22.8204
1080.44 19.0701
1080.47 15.2048
1080.5 11.3379
1080.53 7.55852
1080.56 3.92879
1080.59 0.485716
1080.62 -2.75624
1080.66 -5.80282
1080.69 -8.67686
1080.72 -11.4146
1080.75 -14.0615
1080.78 -16.6685
1080.81 -19.2894
1080.84 -21.9792
1080.87 -24.791
1080.92 -29.4073
1080.96 -34.4828
1081.01 -39.8732
1081.06 -45.1508
1081.1 -49.7091
1081.13 -52.1507
1081.17 -54.103
1081.2 -55.6455
1081.23 -56.8593
1081.26 -57.8102
1081.29 -58.5502
1081.32 -59.1216
1081.35 -59.5594
1081.4 -60.0475
1081.45 -60.3483
1081.5 -60.5157
1081.55 -60.5868
1081.61 -60.5891
1081.66 -60.5431
1081.71 -60.4637
1081.76 -60.3624
1081.81 -60.2475
1081.86 -60.1258
1081.91 -60.0024
1081.96 -59.8809
1082.01 -59.7643
1082.06 -59.6546
1082.11 -59.5535
1082.16 -59.4618
1082.21 -59.3801
1082.29 -59.2703
1082.37 -59.1859
1082.45 -59.1253
1082.53 -59.0866
1082.61 -59.0672
1082.69 -59.0648
1082.77 -59.0768
1082.85 -59.1009
1082.93 -59.1345
1083.01 -59.1754
1083.09 -59.2215
1083.17 -59.2706
1083.25 -59.3211
1083.33 -59.3714
1083.41 -59.4201
1083.49 -59.4662
1083.57 -59.5086
1083.65 -59.5467
1083.73 -59.5798
1083.81 -59.6075
1083.89 -59.6296
1084.02 -59.6523
1084.14 -59.6605
1084.27 -59.6546
1084.39 -59.6351
1084.52 -59.6026
1084.64 -59.5582
1084.77 -59.5026
1084.97 -59.394
1085.16 -59.2636
1085.36 -59.1154
1085.56 -58.9525
1085.76 -58.7779
1085.96 -58.5943
1086.27 -58.292
1086.59 -57.9806
1086.9 -57.6659
1087.21 -57.3524
1087.52 -57.0435
1087.84 -56.7415
1088.35 -56.2667
1088.86 -55.8195
1089.38 -55.4013
1089.89 -55.0115
1090.4 -54.649
1090.91 -54.3119
1091.43 -53.9984
1092.21 -53.5582
1093 -53.1609
1093.78 -52.7996
1094.57 -52.4694
1095.36 -52.1628
1096.14 -51.88
1096.93 -51.608
1097.71 -51.3629
1098.5 -51.0995
1099.28 -50.846
1100.07 -50.6181
1100.86 -50.4148
1101.64 -50.239
1102.43 -50.0206
1103.21 -49.773
1104 -49.489
1104.78 -49.261
1105.57 -49.0529
1106.36 -48.8568
1107.14 -48.6192
1107.93 -48.3752
1108.71 -48.103
1109.5 -47.8342
1110.28 -47.5066
1110.48 -47.4238
1110.68 -47.3455
1110.87 -47.2691
1111.07 -47.1772
1111.27 -47.0884
1111.46 -46.9622
1111.66 -46.8306
1111.86 -46.694
1112.05 -46.5881
1112.25 -46.4815
1112.44 -46.3754
1112.64 -46.2249
1112.84 -46.0509
1113.03 -45.8365
1113.23 -45.643
1113.43 -45.4465
1113.62 -45.2619
1113.82 -45.0258
1114.02 -44.7256
1114.21 -44.256
1114.41 -43.7363
1114.46 -43.604
1114.51 -43.4583
1114.56 -43.2928
1114.61 -43.118
1114.65 -42.9238
1114.7 -42.7175
1114.75 -42.4858
1114.8 -42.2345
1114.85 -41.9474
1114.9 -41.6312
1114.95 -41.2636
1115 -40.8406
1115.05 -40.3489
1115.13 -39.3192
1115.21 -37.8471
1115.29 -35.5209
1115.31 -34.7304
1115.33 -33.8013
1115.37 -31.9664
1115.4 -29.4732
1115.43 -25.9206
1115.45 -22.9568
1115.47 -19.118
1115.49 -14.1416
1115.51 -7.81657
1115.52 -3.31642
1115.53 1.53917
1115.54 6.55959
1115.56 11.5082
1115.57 16.149
1115.58 20.2967
1115.59 23.8423
1115.61 26.7544
1115.62 29.061
1115.63 30.8252
1115.64 32.1229
1115.65 33.0277
1115.67 33.6037
1115.68 33.903
1115.69 33.9666
1115.71 33.6805
1115.73 33.0036
1115.74 31.9939
1115.77 29.821
1115.8 27.07
1115.83 23.8816
1115.86 20.3984
1115.89 16.7473
1115.92 13.037
1115.95 9.35673
1115.98 5.77521
1116.01 2.34279
1116.03 -0.910217
1116.06 -3.97502
1116.11 -8.32146
1116.15 -12.3556
1116.2 -16.2168
1116.24 -20.0705
1116.29 -24.0661
1116.33 -28.3677
1116.37 -33.0522
1116.42 -38.0905
1116.46 -43.1397
1116.51 -47.7085
1116.55 -51.4051
1116.6 -54.1527
1116.64 -56.1135
1116.69 -57.5021
1116.73 -58.4903
1116.77 -59.1875
1116.82 -59.665
1116.86 -59.9767
1116.91 -60.1659
1116.95 -60.2656
1117 -60.2997
1117.04 -60.2849
1117.09 -60.2338
1117.13 -60.1565
1117.17 -60.061
1117.22 -59.9536
1117.26 -59.8397
1117.31 -59.7231
1117.35 -59.6069
1117.4 -59.4935
1117.44 -59.3848
1117.49 -59.2824
1117.53 -59.1874
1117.57 -59.1003
1117.65 -58.979
1117.72 -58.8794
1117.79 -58.8011
1117.86 -58.743
1117.93 -58.7036
1118 -58.6811
1118.07 -58.6736
1118.14 -58.6792
1118.21 -58.6962
1118.28 -58.7228
1118.35 -58.7573
1118.42 -58.7978
1118.5 -58.843
1118.57 -58.8913
1118.64 -58.9415
1118.75 -59.0207
1118.86 -59.0976
1118.97 -59.1692
1119.08 -59.2332
1119.19 -59.288
1119.3 -59.3324
1119.41 -59.3657
1119.52 -59.3878
1119.63 -59.3988
1119.74 -59.3991
1119.85 -59.389
1119.96 -59.3693
1120.07 -59.3406
1120.18 -59.3037
1120.29 -59.2593
1120.4 -59.208
1120.58 -59.1156
1120.75 -59.0105
1120.92 -58.8949
1121.1 -58.7707
1121.27 -58.6396
1121.55 -58.4145
1121.84 -58.1801
1122.12 -57.9407
1122.55 -57.5686
1122.99 -57.2016
1123.43 -56.8458
1123.87 -56.5048
1124.3 -56.1805
1124.74 -55.8739
1125.18 -55.5853
1125.61 -55.3143
1126.05 -55.06
1126.72 -54.6982
1127.4 -54.37
1128.07 -54.0722
1128.75 -53.8013
1129.42 -53.5544
1130.1 -53.3268
1130.77 -53.1188
1131.45 -52.9237
1132.12 -52.7488
1132.79 -52.5864
1133.47 -52.443
1134.14 -52.2823
1134.82 -52.1191
1135.49 -51.9283
1136.17 -51.7733
1136.84 -51.6888
1137.52 -51.6268
1138.19 -51.5217
1138.86 -51.3573
1139.54 -51.171
1140.21 -51.066
1140.89 -51.0322
1141.56 -50.9639
1142.24 -50.8765
1142.73 -50.8262
1143.22 -50.7587
1143.71 -50.6402
1144.2 -50.4435
1144.69 -50.3144
1145.18 -50.3259
1145.68 -50.2669
1146 -50.1609
1146.33 -50.1313
1146.66 -50.1489
1146.99 -50.153
1147.32 -50.0011
1147.65 -49.8452
1147.88 -49.8639
1148.11 -49.9128
1148.34 -49.9064
1148.57 -49.8778
1148.8 -49.8059
1149.03 -49.7933
1149.2 -49.8202
1149.37 -49.81
1149.54 -49.7596
1149.71 -49.6711
1149.88 -49.6433
1150.05 -49.6684
1150.22 -49.7036
1150.39 -49.6434
1150.56 -49.5893
1150.69 -49.6064
1150.81 -49.6128
1150.94 -49.5889
1151.06 -49.5377
1151.18 -49.5188
1151.31 -49.5275
1151.43 -49.5458
1151.56 -49.514
1151.68 -49.4835
1151.81 -49.4621
1151.93 -49.479
1152.05 -49.4446
1152.18 -49.3837
1152.3 -49.3461
1152.43 -49.3618
1152.55 -49.3583
1152.67 -49.3438
1152.8 -49.3175
1152.92 -49.3286
1153.05 -49.2961
1153.17 -49.2401
1153.29 -49.2174
1153.42 -49.2278
1153.54 -49.2419
1153.67 -49.2199
1153.79 -49.1936
1153.92 -49.1781
1154.04 -49.1874
1154.16 -49.1687
1154.29 -49.1499
1154.41 -49.1225
1154.54 -49.1307
1154.66 -49.0946
1154.78 -49.0729
1154.91 -49.0153
1155.03 -49.0212
1155.12 -49.0644
1155.21 -49.0633
1155.3 -49.0337
1155.4 -48.9911
1155.49 -48.9724
1155.58 -48.9709
1155.67 -48.9843
1155.76 -48.9763
1155.85 -48.9554
1155.94 -48.9294
1156.03 -48.9277
1156.12 -48.9274
1156.21 -48.9217
1156.3 -48.8983
1156.39 -48.8869
1156.48 -48.88
1156.58 -48.8774
1156.67 -48.8585
1156.76 -48.8461
1156.85 -48.8358
1156.94 -48.8248
1157.03 -48.8058
1157.12 -48.7903
1157.21 -48.7832
1157.3 -48.7833
1157.39 -48.7729
1157.48 -48.7558
1157.57 -48.7407
1157.66 -48.7369
1157.75 -48.7299
1157.85 -48.7166
1157.94 -48.6995
1158.03 -48.692
1158.12 -48.6847
1158.21 -48.6738
1158.3 -48.6563
1158.39 -48.6465
1158.48 -48.6385
1158.57 -48.6296
1158.66 -48.6121
1158.75 -48.6
1158.84 -48.5939
1158.93 -48.5862
1159.02 -48.571
1159.12 -48.5561
1159.21 -48.545
1159.3 -48.5362
1159.39 -48.523
1159.48 -48.5096
1159.57 -48.4979
1159.66 -48.4887
1159.8 -48.4614
1159.93 -48.4353
1160.07 -48.4062
1160.21 -48.39
1160.35 -48.3697
1160.48 -48.3592
1160.62 -48.3356
1160.76 -48.3223
1160.89 -48.2939
1161.03 -48.2833
1161.17 -48.2529
1161.31 -48.2212
1161.44 -48.1883
1161.58 -48.1699
1161.72 -48.15
1161.85 -48.1416
1161.99 -48.1191
1162.13 -48.1049
1162.27 -48.0726
1162.4 -48.0605
1162.54 -48.0522
1162.68 -48.045
1162.81 -48.0235
1162.95 -48.0024
1163.09 -47.9702
1163.22 -47.9507
1163.36 -47.9226
1163.5 -47.9109
1163.64 -47.878
1163.77 -47.8647
1163.91 -47.8541
1164.05 -47.8469
1164.18 -47.8244
1164.32 -47.8021
1164.46 -47.7634
1164.6 -47.7413
1164.73 -47.7081
1164.87 -47.6984
1165.01 -47.6578
1165.14 -47.6133
1165.28 -47.5868
1165.42 -47.562
1165.56 -47.5493
1165.69 -47.5215
1165.83 -47.5023
1165.97 -47.4593
1166.1 -47.4412
1166.24 -47.4283
1166.38 -47.419
1166.52 -47.3905
1166.65 -47.3635
1166.79 -47.3162
1166.93 -47.2914
1167.06 -47.2469
1167.2 -47.2373
1167.34 -47.2287
1167.48 -47.2195
1167.61 -47.1841
1167.75 -47.1554
1167.89 -47.0986
1168.02 -47.0446
1168.16 -46.9951
1168.3 -46.9689
1168.44 -46.9301
1168.57 -46.908
1168.71 -46.8527
1168.85 -46.7937
1168.98 -46.7302
1169.12 -46.6917
1169.26 -46.6421
1169.39 -46.6234
1169.53 -46.6016
1169.67 -46.5747
1169.81 -46.5184
1169.94 -46.4746
1170.08 -46.4007
1170.22 -46.3279
1170.35 -46.2527
1170.49 -46.204
1170.63 -46.1361
1170.77 -46.0612
1170.9 -45.9794
1171.04 -45.9073
1171.18 -45.826
1171.31 -45.7672
1171.45 -45.6755
1171.59 -45.5716
1171.73 -45.4491
1171.86 -45.3482
1172 -45.2224
1172.14 -45.0863
1172.27 -44.9338
1172.41 -44.7808
1172.55 -44.5978
1172.69 -44.3966
1172.82 -44.1795
1172.96 -43.9352
1173.1 -43.6426
1173.23 -43.3032
1173.37 -42.8837
1173.51 -42.3558
1173.65 -41.6512
1173.78 -40.6791
1173.92 -39.1945
1173.95 -38.6844
1173.99 -38.0855
1174.02 -37.3721
1174.06 -36.5191
1174.09 -35.4677
1174.13 -34.1475
1174.16 -32.4217
1174.19 -30.0753
1174.23 -26.7413
1174.26 -21.759
1174.3 -14.0318
1174.32 -7.52274
1174.34 0.222253
1174.36 8.56088
1174.38 16.3757
1174.39 20.6441
1174.41 24.2087
1174.42 27.0529
1174.43 29.2224
1174.45 30.8028
1174.46 31.8895
1174.48 32.5661
1174.49 32.8987
1174.5 32.9385
1174.52 32.7251
1174.54 31.9419
1174.56 30.6944
1174.58 29.0555
1174.6 27.0897
1174.62 24.8578
1174.64 22.4176
1174.68 18.2673
1174.71 13.9313
1174.75 9.57925
1174.78 5.34697
1174.81 1.32418
1174.85 -2.44693
1174.88 -5.96377
1174.91 -9.25449
1174.95 -12.3689
1174.98 -15.3713
1175.02 -18.3343
1175.05 -21.3341
1175.08 -24.4447
1175.12 -27.7305
1175.15 -31.2322
1175.19 -34.9457
1175.22 -38.7937
1175.25 -42.6105
1175.29 -46.1733
1175.32 -49.2931
1175.35 -51.876
1175.39 -53.9315
1175.42 -55.536
1175.46 -56.7805
1175.49 -57.7427
1175.52 -58.4818
1175.56 -59.0438
1175.59 -59.4657
1175.64 -59.904
1175.7 -60.1619
1175.75 -60.2906
1175.8 -60.3262
1175.85 -60.2956
1175.9 -60.2188
1175.95 -60.111
1176 -59.9834
1176.06 -59.8447
1176.11 -59.7015
1176.16 -59.5591
1176.21 -59.4213
1176.26 -59.2913
1176.31 -59.1711
1176.37 -59.062
1176.42 -58.965
1176.47 -58.8803
1176.55 -58.7743
1176.63 -58.6963
1176.71 -58.6442
1176.79 -58.6154
1176.87 -58.6072
1176.95 -58.6166
1177.02 -58.6409
1177.1 -58.6775
1177.18 -58.7238
1177.26 -58.7775
1177.34 -58.8362
1177.42 -58.8981
1177.5 -58.9614
1177.58 -59.0244
1177.66 -59.086
1177.74 -59.1449
1177.82 -59.2002
1177.9 -59.2512
1177.98 -59.2974
1178.09 -59.3566
1178.21 -59.403
1178.33 -59.4362
1178.45 -59.4562
1178.57 -59.4636
1178.69 -59.4589
1178.81 -59.443
1178.93 -59.4166
1179.05 -59.3808
1179.17 -59.3363
1179.29 -59.284
1179.48 -59.1836
1179.68 -59.0679
1179.87 -58.9398
1180.07 -58.802
1180.26 -58.6567
1180.57 -58.4219
1180.87 -58.1795
1181.17 -57.9341
1181.47 -57.6891
1181.77 -57.4473
1182.07 -57.2106
1182.57 -56.8397
1183.06 -56.4899
1183.55 -56.1624
1184.04 -55.8576
1184.53 -55.5746
1185.02 -55.3126
1185.51 -55.0702
1186.31 -54.7153
1187.11 -54.402
1187.9 -54.1251
1188.7 -53.878
1189.5 -53.6583
1190.29 -53.4573
1191.09 -53.2819
1191.89 -53.1239
1192.69 -52.9871
1193.48 -52.8348
1194.28 -52.6853
1195.08 -52.517
1195.87 -52.3863
1196.67 -52.3184
1197.47 -52.2761
1198.26 -52.1927
1199.06 -52.0472
1199.86 -51.8749
1200.65 -51.8652
1201.21 -51.9002
1201.62 -51.839
1202.03 -51.7457
1202.44 -51.7028
1202.85 -51.6958
1203.26 -51.6832
1203.67 -51.6049
1204.09 -51.5705
1204.39 -51.5874
1204.69 -51.5669
1204.99 -51.5104
1205.29 -51.4206
1205.6 -51.4038
1205.9 -51.4338
1206.2 -51.4656
1206.5 -51.3789
1206.81 -51.2707
1207.11 -51.2521
1207.41 -51.2859
1207.71 -51.2836
1208.02 -51.2207
1208.32 -51.1178
1208.62 -51.1104
1208.92 -51.1641
1209.22 -51.192
1209.53 -51.075
1209.83 -51.0236
1210.03 -51.0805
1210.23 -51.09
1210.44 -51.0393
1210.64 -50.9557
1210.84 -50.9459
1211.05 -50.9683
1211.25 -51.0002
1211.45 -50.8976
1211.65 -50.7793
1211.8 -50.7977
1211.95 -50.8476
1212.1 -50.8597
1212.24 -50.8476
1212.39 -50.8263
1212.54 -50.823
1212.69 -50.8223
1212.83 -50.8321
1212.98 -50.8229
1213.13 -50.8116
1213.28 -50.7877
1213.42 -50.7888
1213.57 -50.781
1213.72 -50.78
1213.86 -50.7483
1214.01 -50.741
1214.16 -50.7192
1214.31 -50.7213
1214.45 -50.676
1214.6 -50.6622
1214.75 -50.6865
1214.9 -50.6988
1215.04 -50.689
1215.19 -50.6465
1215.34 -50.6288
1215.49 -50.633
1215.63 -50.6561
1215.78 -50.6293
1215.93 -50.6033
1216.08 -50.6048
1216.22 -50.6305
1216.37 -50.6292
1216.52 -50.6047
1216.67 -50.5745
1216.81 -50.5795
1216.96 -50.5801
1217.11 -50.5727
1217.25 -50.5411
1217.4 -50.5394
1217.55 -50.5277
1217.7 -50.5046
1217.84 -50.4736
1217.99 -50.4717
1218.14 -50.4766
1218.29 -50.4851
1218.43 -50.4605
1218.58 -50.4484
1218.73 -50.4566
1218.88 -50.4729
1219.02 -50.4655
1219.17 -50.4481
1219.32 -50.4265
1219.47 -50.4249
1219.61 -50.417
1219.76 -50.4136
1219.91 -50.3922
1220.05 -50.388
1220.2 -50.3671
1220.35 -50.3643
1220.5 -50.3334
1220.64 -50.2966
1220.79 -50.2892
1220.94 -50.2954
1221.09 -50.3104
1221.23 -50.3061
1221.38 -50.2966
1221.53 -50.2694
1221.68 -50.2657
1221.82 -50.2589
1221.97 -50.2666
1222.12 -50.2313
1222.27 -50.1857
1222.41 -50.1543
1222.56 -50.164
1222.71 -50.1616
1222.86 -50.1666
1223 -50.1477
1223.15 -50.1516
1223.3 -50.1107
1223.44 -50.06
1223.59 -50.0534
1223.74 -50.0708
1223.89 -50.0768
1224.03 -50.0672
1224.18 -50.0496
1224.33 -50.0465
1224.48 -50.0521
1224.62 -50.0612
1224.77 -50.0502
1224.92 -50.0398
1225.07 -50.0282
1225.21 -50.0355
1225.36 -50.0224
1225.51 -50.0166
1225.66 -49.9924
1225.8 -49.9989
1225.95 -49.9653
1226.1 -49.9575
1226.24 -49.8964
1226.35 -49.8376
1226.46 -49.8393
1226.57 -49.8728
1226.68 -49.9087
1226.79 -49.9125
1226.9 -49.8971
1227.01 -49.8711
1227.12 -49.8705
1227.23 -49.883
1227.34 -49.8953
1227.45 -49.8782
1227.55 -49.8625
1227.66 -49.8585
1227.77 -49.8715
1227.88 -49.8647
1227.99 -49.8526
1228.1 -49.8421
1228.21 -49.8505
1228.32 -49.8451
1228.43 -49.8353
1228.54 -49.8307
1228.65 -49.8385
1228.76 -49.8398
1228.86 -49.8289
1228.97 -49.8126
1229.08 -49.8115
1229.19 -49.8156
1229.3 -49.8129
1229.41 -49.7981
1229.52 -49.7916
1229.63 -49.7924
1229.74 -49.7926
1229.85 -49.7802
1229.96 -49.7719
1230.07 -49.7704
1230.17 -49.7722
1230.28 -49.7613
1230.39 -49.7515
1230.5 -49.7475
1230.61 -49.7507
1230.72 -49.742
1230.83 -49.7266
1230.94 -49.7189
1231.05 -49.7209
1231.16 -49.718
1231.27 -49.7088
1231.38 -49.7017
1231.48 -49.702
1231.59 -49.6984
1231.7 -49.689
1231.81 -49.6804
1231.92 -49.6804
1232.03 -49.6787
1232.14 -49.6701
1232.25 -49.6594
1232.36 -49.6574
1232.47 -49.657
1232.58 -49.6509
1232.69 -49.6391
1232.79 -49.6347
1232.9 -49.6342
1233.01 -49.6306
1233.12 -49.6191
1233.23 -49.6124
1233.34 -49.6109
1233.45 -49.6095
1233.56 -49.5989
1233.67 -49.5905
1233.78 -49.5877
1233.89 -49.5854
1234 -49.5772
1234.1 -49.5686
1234.21 -49.5639
1234.32 -49.5622
1234.43 -49.5561
1234.54 -49.5484
1234.65 -49.5426
1234.76 -49.5405
1234.87 -49.5349
1234.98 -49.5273
1235.09 -49.5205
1235.2 -49.5183
1235.3 -49.5137
1235.41 -49.5064
1235.52 -49.4983
1235.69 -49.5006
1235.85 -49.5009
1236.02 -49.5012
1236.18 -49.4889
1236.35 -49.4809
1236.51 -49.4649
1236.67 -49.4594
1236.84 -49.4442
1237 -49.4415
1237.17 -49.4246
1237.33 -49.4228
1237.5 -49.4024
1237.66 -49.4027
1237.82 -49.4061
1237.99 -49.4116
1238.15 -49.4029
1238.32 -49.3932
1238.48 -49.372
1238.65 -49.3638
1238.81 -49.3504
1238.97 -49.3371
1239.14 -49.3202
1239.3 -49.3093
1239.47 -49.3002
1239.63 -49.2991
1239.88 -49.2921
1240.13 -49.2718
1240.37 -49.2554
1240.62 -49.2365
1241.03 -49.2178
1241.45 -49.1986
1241.86 -49.1832
1242.62 -49.149
1243.38 -49.1066
1244.13 -49.0718
1244.89 -49.0244
1245.64 -48.9822
1246.4 -48.9425
1247.78 -48.8681
1249.16 -48.8003
1250.54 -48.7239
1251.92 -48.665
1253.31 -48.5825
1254.69 -48.5129
1256.07 -48.4271
1257.45 -48.3526
1258.83 -48.265
1260.22 -48.1863
1261.6 -48.0948
1262.98 -48.0106
1264.36 -47.9126
1265.75 -47.8214
1267.13 -47.7139
1268.51 -47.6135
1269.89 -47.4919
1270.24 -47.4657
1270.58 -47.4372
1270.93 -47.4061
1271.73 -47.3359
1272.54 -47.2575
1273.34 -47.1835
1274.14 -47.0851
1274.95 -46.9999
1275.75 -46.8896
1276.56 -46.7881
1277.36 -46.6601
1278.16 -46.5347
1278.37 -46.4963
1278.57 -46.4627
1278.77 -46.4214
1278.97 -46.3857
1279.17 -46.3406
1279.37 -46.2967
1279.57 -46.252
1280.07 -46.1348
1280.28 -46.0781
1280.49 -46.0224
1280.83 -45.9255
1281.17 -45.8152
1281.51 -45.7
1281.86 -45.5603
1282.2 -45.4201
1282.54 -45.2393
1282.88 -45.0339
1283.22 -44.7748
1283.56 -44.4849
1283.64 -44.3935
1283.73 -44.2991
1283.81 -44.1933
1283.94 -44.0204
1284.07 -43.8205
1284.21 -43.5903
1284.34 -43.3234
1284.57 -42.6975
1284.81 -41.7677
1284.96 -40.9156
1285.1 -39.617
1285.19 -38.4919
1285.27 -36.8278
1285.32 -35.3989
1285.38 -33.3797
1285.43 -30.3136
1285.45 -28.0169
1285.48 -24.944
1285.51 -20.7166
1285.53 -14.823
1285.56 -6.86787
1285.57 -2.23215
1285.59 2.6978
1285.6 7.70398
1285.61 12.5363
1285.62 16.9644
1285.64 20.8271
1285.65 24.0481
1285.66 26.6254
1285.68 28.6068
1285.69 30.0635
1285.7 31.0711
1285.72 31.6981
1285.73 32.0016
1285.74 32.0275
1285.76 31.8118
1285.78 31.0399
1285.8 29.8184
1285.82 28.2167
1285.85 24.8995
1285.89 20.9604
1285.92 16.6455
1285.96 12.1843
1285.99 7.75492
1286.03 3.48375
1286.06 -0.552872
1286.1 -4.32678
1286.13 -7.84678
1286.16 -11.1518
1286.2 -14.3037
1286.23 -17.379
1286.27 -20.4601
1286.3 -23.6282
1286.34 -26.9553
1286.37 -30.4919
1286.41 -34.2458
1286.44 -38.1521
1286.48 -42.0534
1286.51 -45.7234
1286.54 -48.958
1286.58 -51.6421
1286.61 -53.7806
1286.65 -55.4512
1286.68 -56.7469
1286.72 -57.7475
1286.75 -58.515
1286.79 -59.0975
1286.82 -59.5338
1286.87 -59.9889
1286.93 -60.2533
1286.98 -60.3818
1287.03 -60.4126
1287.09 -60.3742
1287.14 -60.2879
1287.19 -60.1696
1287.25 -60.0313
1287.3 -59.8821
1287.35 -59.7292
1287.41 -59.5778
1287.46 -59.4323
1287.51 -59.2958
1287.57 -59.1703
1287.62 -59.0573
1287.67 -58.9575
1287.73 -58.8713
1287.78 -58.7985
1287.87 -58.7074
1287.95 -58.6486
1288.04 -58.6186
1288.13 -58.6134
1288.21 -58.6294
1288.3 -58.6626
1288.39 -58.7096
1288.47 -58.7672
1288.56 -58.8322
1288.65 -58.902
1288.74 -58.974
1288.82 -59.0461
1288.91 -59.1167
1289 -59.1841
1289.08 -59.2472
1289.17 -59.305
1289.26 -59.3568
1289.34 -59.402
1289.43 -59.4404
1289.52 -59.4718
1289.65 -59.5058
1289.78 -59.524
1289.91 -59.5272
1290.04 -59.5163
1290.17 -59.4923
1290.31 -59.4563
1290.44 -59.4095
1290.63 -59.3209
1290.83 -59.214
1291.03 -59.0921
1291.23 -58.9581
1291.43 -58.8147
1291.74 -58.5759
1292.05 -58.3266
1292.36 -58.0725
1292.67 -57.818
1292.98 -57.5664
1293.29 -57.32
1293.78 -56.9447
1294.27 -56.5911
1294.77 -56.2609
1295.26 -55.9543
1295.75 -55.6705
1296.24 -55.4085
1296.99 -55.0513
1297.73 -54.7356
1298.47 -54.4559
1299.21 -54.2075
1299.96 -53.9859
1300.7 -53.7875
1301.44 -53.6084
1302.58 -53.3678
1303.72 -53.1574
1304.86 -52.9712
1305.99 -52.8028
1307.13 -52.6547
1308.27 -52.5188
1309.41 -52.4052
1310.55 -52.2719
1311.68 -52.1479
1312.82 -52.0556
1313.96 -51.9727
1315.1 -51.9189
1316.23 -51.7832
1316.99 -51.6931
1317.75 -51.6401
1318.51 -51.6445
1319.27 -51.6177
1320.03 -51.5466
1320.79 -51.4083
1321.55 -51.3226
1322.31 -51.3159
1323.07 -51.3075
1323.83 -51.2815
1324.59 -51.1566
1325.11 -51.0939
1325.64 -51.0942
1326.16 -51.0987
1326.69 -51.0777
1327.21 -51.0238
1327.73 -50.9573
1328.26 -50.9442
1328.78 -50.9536
1329.3 -50.9432
1329.83 -50.8803
1330.35 -50.856
1330.87 -50.8206
1331.4 -50.8704
1331.75 -50.8808
1332.11 -50.8402
1332.47 -50.7773
1332.83 -50.7011
1333.19 -50.6863
1333.54 -50.7009
1333.9 -50.7238
1334.26 -50.6839
1334.62 -50.6646
1334.98 -50.5952
1335.23 -50.5595
1335.47 -50.5632
1335.72 -50.5753
1335.97 -50.6016
1336.22 -50.5928
1336.47 -50.5691
1336.72 -50.5352
1336.97 -50.5299
1337.21 -50.5226
1337.46 -50.533
1337.71 -50.5014
1337.96 -50.499
1338.21 -50.4534
1338.46 -50.47
1338.71 -50.4956
1338.96 -50.4873
1339.2 -50.4774
1339.45 -50.4686
1339.7 -50.4615
1339.95 -50.4593
1340.2 -50.4501
1340.45 -50.4311
1340.7 -50.4055
1341.09 -50.3732
1341.48 -50.3868
1341.87 -50.396
1342.26 -50.3774
1342.65 -50.3161
1343.05 -50.3077
1343.44 -50.3199
1343.83 -50.329
1344.22 -50.2851
1344.61 -50.2693
1345 -50.2674
1345.4 -50.2885
1345.79 -50.2645
1346.18 -50.2189
1346.57 -50.1408
1346.96 -50.1295
1347.35 -50.1468
1347.75 -50.1898
1348.14 -50.1459
1348.53 -50.0789
1348.92 -50.0545
1349.31 -50.053
1349.7 -50.0927
1350.1 -50.055
1350.49 -49.9927
1350.88 -49.9581
1351.27 -49.9663
1351.66 -50.0059
1352.05 -49.9905
1352.45 -49.9552
1352.84 -49.8574
1353.23 -49.8133
1353.62 -49.8113
1354.01 -49.8475
1354.4 -49.8423
1354.8 -49.8108
1355.19 -49.7356
1355.58 -49.6918
1355.97 -49.6815
1356.36 -49.7417
1356.75 -49.7653
1357.15 -49.7326
1357.54 -49.6913
1357.93 -49.6743
1358.32 -49.6754
1358.71 -49.7004
1359.1 -49.6668
1359.5 -49.615
1359.89 -49.5557
1360.28 -49.5712
1360.67 -49.6013
1361.06 -49.5896
1361.45 -49.5594
1361.85 -49.4868
1362.24 -49.4801
1362.63 -49.504
1363.02 -49.5101
1363.41 -49.4858
1363.8 -49.4002
1364.2 -49.3833
1364.59 -49.4113
1364.98 -49.4254
1365.37 -49.3985
1365.76 -49.3094
1366.15 -49.2942
1366.55 -49.3276
1366.94 -49.3882
1367.33 -49.3433
1367.72 -49.2676
1368.11 -49.2475
1368.5 -49.2585
1368.9 -49.3163
1369.29 -49.2779
1369.56 -49.2272
1369.83 -49.2158
1370.1 -49.2211
1370.37 -49.2181
1370.64 -49.1925
1370.91 -49.1425
1371.18 -49.1265
1371.45 -49.135
1371.72 -49.1495
1371.99 -49.1286
1372.26 -49.1151
1372.53 -49.0819
1372.8 -49.1122
1373.07 -49.1445
1373.34 -49.1328
1373.61 -49.1056
1373.88 -49.0533
1374.15 -49.0383
1374.42 -49.0069
1374.69 -48.9824
1374.96 -48.9824
1375.23 -48.9857
1375.5 -49.0131
1375.77 -49.0134
1376.04 -48.9948
1376.31 -48.9386
1376.58 -48.9225
1376.85 -48.9321
1377.12 -48.9699
1377.39 -48.9556
1377.66 -48.9193
1377.93 -48.8641
1378.2 -48.8662
1378.47 -48.8872
1378.74 -48.921
1379.01 -48.8981
1379.28 -48.8587
1379.55 -48.8002
1379.82 -48.7993
1380.09 -48.8187
1380.36 -48.8152
1380.63 -48.7994
1380.91 -48.7492
1381.18 -48.7346
1381.45 -48.7022
1381.72 -48.7602
1381.9 -48.7987
1382.09 -48.7846
1382.28 -48.7642
1382.47 -48.7559
1382.65 -48.7509
1382.84 -48.7587
1383.03 -48.7521
1383.22 -48.746
1383.4 -48.7146
1383.59 -48.713
1383.78 -48.7203
1383.97 -48.7323
1384.15 -48.7201
1384.34 -48.7116
1384.53 -48.6804
1384.72 -48.6822
1384.91 -48.6914
1385.09 -48.7058
1385.28 -48.6944
1385.47 -48.6871
1385.66 -48.6813
1385.84 -48.6826
1386.03 -48.6791
1386.22 -48.6731
1386.41 -48.6491
1386.59 -48.6368
1386.78 -48.619
1386.97 -48.6267
1387.16 -48.6334
1387.34 -48.6373
1387.53 -48.6236
1387.72 -48.6171
1387.91 -48.5912
1388.1 -48.5882
1388.28 -48.5904
1388.47 -48.6012
1388.66 -48.5918
1388.85 -48.5846
1389.03 -48.5483
1389.22 -48.5463
1389.41 -48.5544
1389.6 -48.5705
1389.78 -48.5577
1389.97 -48.5491
1390.16 -48.5424
1390.35 -48.5453
1390.53 -48.5425
1390.72 -48.5365
1390.91 -48.5077
1391.1 -48.4947
1391.29 -48.4734
1391.47 -48.4855
1391.66 -48.4964
1391.85 -48.5044
1392.04 -48.489
1392.22 -48.4831
1392.41 -48.4489
1392.6 -48.4174
1392.79 -48.3887
1392.97 -48.3878
1393.16 -48.392
1393.35 -48.3992
1393.54 -48.3877
1393.72 -48.3807
1393.91 -48.3517
1394.1 -48.3519
1394.29 -48.3586
1394.48 -48.3719
1394.66 -48.3601
1394.85 -48.3534
1395.04 -48.3135
1395.23 -48.279
1395.41 -48.2496
1395.6 -48.2503
1395.79 -48.2333
1395.98 -48.2123
1396.16 -48.1872
1396.35 -48.1777
1396.54 -48.1638
1396.73 -48.1741
1396.91 -48.1828
1397.1 -48.1881
1397.29 -48.1716
1397.48 -48.1658
1397.67 -48.1392
1397.85 -48.115
1398.04 -48.0878
1398.23 -48.0831
1398.42 -48.0672
1398.6 -48.0813
1398.79 -48.0937
1398.98 -48.1048
1399.17 -48.0888
1399.35 -48.085
1399.54 -48.084
1399.73 -48.0876
1399.92 -48.0814
1400.1 -48.0761
1400.29 -48.0477
1400.48 -48.0383
1400.67 -48.0366
1400.85 -48.0459
1401.04 -48.0358
1401.23 -48.0282
1401.42 -47.9881
1401.61 -47.9531
1401.79 -47.9243
1401.98 -47.9239
1402.17 -47.9045
1402.36 -47.8807
1402.54 -47.8545
1402.73 -47.8446
1402.92 -47.8286
1403.11 -47.837
1403.29 -47.815
1403.48 -47.7873
1403.67 -47.747
1403.86 -47.7378
1404.04 -47.7158
1404.23 -47.6947
1404.42 -47.6894
1404.61 -47.6705
1404.8 -47.6498
1404.98 -47.6358
1405.17 -47.6286
1405.36 -47.6169
1405.55 -47.6086
1405.73 -47.5971
1405.92 -47.5969
1406.11 -47.5774
1406.3 -47.5753
1406.48 -47.5755
1406.67 -47.5865
1406.86 -47.5773
1407.05 -47.5744
1407.23 -47.5261
1407.42 -47.4809
1407.61 -47.443
1407.8 -47.4464
1407.99 -47.4197
1408.17 -47.3853
1408.36 -47.3454
1408.55 -47.3332
1408.74 -47.3075
1408.92 -47.2822
1409.11 -47.2527
1409.3 -47.2359
1409.49 -47.2101
1409.67 -47.2198
1409.86 -47.2311
1410.05 -47.238
1410.24 -47.2102
1410.42 -47.2028
1410.61 -47.2028
1410.8 -47.2098
1410.99 -47.1985
1411.18 -47.1922
1411.36 -47.1455
1411.55 -47.1003
1411.74 -47.0597
1411.93 -47.0391
1412.11 -47.0138
1412.3 -47.0079
1412.49 -47.0027
1412.68 -47.0053
1412.86 -46.9833
1413.05 -46.975
1413.24 -46.968
1413.43 -46.9716
1413.61 -46.9618
1413.8 -46.9578
1413.99 -46.9475
1414.18 -46.938
1414.37 -46.9258
1414.55 -46.9187
1414.74 -46.8825
1414.93 -46.8418
1415.12 -46.8082
1415.3 -46.8022
1415.49 -46.7775
1415.68 -46.7428
1415.87 -46.7006
1416.05 -46.6767
1416.24 -46.645
1416.43 -46.6466
1416.62 -46.646
1416.8 -46.6447
1416.99 -46.6087
1417.18 -46.5649
1417.37 -46.5051
1417.55 -46.4758
1417.74 -46.4592
1417.93 -46.4649
1418.12 -46.4383
1418.31 -46.3941
1418.49 -46.3202
1418.68 -46.2815
1418.87 -46.2614
1419.06 -46.2682
1419.24 -46.2333
1419.43 -46.1766
1419.62 -46.0877
1419.81 -46.0433
1419.99 -46.0197
1420.18 -46.0245
1420.37 -45.9774
1420.56 -45.9045
1420.74 -45.791
1420.93 -45.7314
1421.12 -45.6965
1421.31 -45.6423
1421.5 -45.5812
1421.68 -45.4487
1421.87 -45.3134
1422.06 -45.2255
1422.25 -45.1459
1422.43 -45.0815
1422.62 -44.9379
1422.81 -44.7596
1423 -44.5943
1423.18 -44.4314
1423.37 -44.2659
1423.56 -44.0602
1423.75 -43.8257
1423.93 -43.4998
1424.12 -43.0853
1424.31 -42.5582
1424.5 -41.8134
1424.69 -40.7045
1424.73 -40.3295
1424.78 -39.8932
1424.83 -39.3725
1424.87 -38.7612
1424.92 -38.0171
1424.97 -37.0845
1425.01 -35.8726
1425.06 -34.2498
1425.11 -31.9437
1425.15 -28.4865
1425.19 -24.9602
1425.22 -19.7679
1425.25 -12.0554
1425.27 -5.80105
1425.29 1.36678
1425.31 8.83168
1425.33 15.785
1425.35 21.5639
1425.37 25.8989
1425.39 28.8663
1425.41 30.7025
1425.43 31.6522
1425.45 31.9054
1425.47 31.5947
1425.49 30.8141
1425.51 29.6361
1425.53 28.1209
1425.55 26.3215
1425.58 23.0574
1425.61 19.3931
1425.64 15.4924
1425.67 11.5057
1425.7 7.55645
1425.73 3.73442
1425.76 0.0962707
1425.79 -3.33159
1425.82 -6.54943
1425.85 -9.57968
1425.88 -12.4618
1425.93 -16.6403
1425.98 -20.7992
1426.02 -25.1228
1426.07 -29.7928
1426.12 -34.8495
1426.16 -40.1423
1426.21 -45.2461
1426.26 -49.6268
1426.29 -52.0548
1426.32 -54.0083
1426.35 -55.5621
1426.38 -56.7915
1426.42 -57.7584
1426.45 -58.5129
1426.48 -59.0965
1426.53 -59.7399
1426.58 -60.1508
1426.63 -60.3956
1426.68 -60.5191
1426.73 -60.5537
1426.78 -60.5238
1426.83 -60.4478
1426.88 -60.3398
1426.93 -60.2105
1426.98 -60.0684
1427.03 -59.9201
1427.08 -59.7706
1427.13 -59.6242
1427.18 -59.4839
1427.23 -59.3522
1427.28 -59.2306
1427.33 -59.1202
1427.38 -59.0217
1427.43 -58.9352
1427.51 -58.821
1427.59 -58.7368
1427.67 -58.6802
1427.75 -58.6484
1427.83 -58.6383
1427.91 -58.6468
1427.99 -58.6709
1428.07 -58.708
1428.15 -58.7551
1428.23 -58.81
1428.31 -58.8701
1428.39 -58.9336
1428.47 -58.9984
1428.55 -59.0631
1428.63 -59.1263
1428.71 -59.1869
1428.79 -59.2438
1428.92 -59.3229
1429.04 -59.3895
1429.16 -59.4426
1429.29 -59.4816
1429.41 -59.5064
1429.54 -59.5174
1429.66 -59.5153
1429.79 -59.5009
1429.91 -59.4751
1430.03 -59.4388
1430.16 -59.393
1430.37 -59.2971
1430.58 -59.1813
1430.79 -59.0493
1430.99 -58.9046
1431.2 -58.7502
1431.41 -58.5884
1431.74 -58.3253
1432.07 -58.0565
1432.39 -57.7873
1432.89 -57.3896
1433.38 -57.0081
1433.87 -56.6473
1434.37 -56.3096
1434.86 -55.9957
1435.35 -55.7051
1435.85 -55.4368
1436.63 -55.0554
1437.41 -54.7208
1438.18 -54.4263
1438.96 -54.1643
1439.74 -53.9316
1440.52 -53.7231
1441.3 -53.5401
1442.08 -53.3672
1442.86 -53.2085
1443.64 -53.0564
1444.42 -52.9425
1445.2 -52.8459
1445.98 -52.7333
1446.76 -52.5993
1447.54 -52.452
1448.32 -52.4024
1449.1 -52.3889
1449.88 -52.2983
1450.66 -52.1552
1451.44 -52.0686
1452.22 -52.0377
1452.99 -51.9839
1453.77 -51.7725
1454.34 -51.6556
1454.75 -51.6879
1455.15 -51.7141
1455.56 -51.6942
1455.96 -51.6251
1456.37 -51.6361
1456.77 -51.6814
1457.18 -51.6546
1457.58 -51.6158
1457.88 -51.6153
1458.18 -51.5941
1458.48 -51.5594
1458.78 -51.4799
1459.07 -51.4527
1459.37 -51.4727
1459.67 -51.5192
1459.97 -51.4549
1460.27 -51.3516
1460.56 -51.3242
1460.86 -51.3653
1461.16 -51.3802
1461.46 -51.3095
1461.76 -51.1922
1462.05 -51.189
1462.35 -51.2594
1462.65 -51.255
1462.95 -51.1258
1463.25 -51.0943
1463.45 -51.1621
1463.65 -51.1818
1463.85 -51.1563
1464.06 -51.1326
1464.26 -51.1464
1464.46 -51.1225
1464.66 -51.0925
1464.86 -51.0627
1465.07 -51.0904
1465.27 -51.0071
1465.41 -50.9129
1465.55 -50.9076
1465.69 -50.9588
1465.83 -50.995
1465.97 -50.9781
1466.11 -50.9534
1466.25 -50.9461
1466.39 -50.9588
1466.53 -50.9577
1466.67 -50.9529
1466.81 -50.943
1466.95 -50.9413
1467.1 -50.9283
1467.24 -50.9233
1467.38 -50.9177
1467.52 -50.9211
1467.66 -50.9041
1467.8 -50.8932
1467.94 -50.8828
1468.08 -50.8899
1468.22 -50.8992
1468.36 -50.9032
1468.5 -50.8973
1468.64 -50.8896
1468.78 -50.8733
1468.92 -50.8611
1469.06 -50.8544
1469.2 -50.8564
1469.34 -50.8455
1469.48 -50.8313
1469.62 -50.8187
1469.76 -50.8213
1469.9 -50.814
1470.04 -50.8027
1470.18 -50.7869
1470.32 -50.7882
1470.47 -50.7809
1470.61 -50.772
1470.75 -50.7534
1470.89 -50.7542
1471.03 -50.7643
1471.17 -50.7667
1471.31 -50.7541
1471.45 -50.7443
1471.59 -50.7352
1471.73 -50.7273
1471.87 -50.7149
1472.01 -50.7115
1472.15 -50.7062
1472.29 -50.6985
1472.43 -50.6818
1472.57 -50.6769
1472.71 -50.6731
1472.85 -50.6703
1472.99 -50.652
1473.13 -50.6446
1473.27 -50.6381
1473.41 -50.6394
1473.55 -50.62
1473.69 -50.611
1473.84 -50.6155
1473.98 -50.6241
1474.12 -50.6146
1474.26 -50.5997
1474.4 -50.5854
1474.54 -50.5847
1474.68 -50.578
1474.82 -50.5717
1474.96 -50.5579
1475.1 -50.5553
1475.24 -50.5441
1475.38 -50.5389
1475.52 -50.5239
1475.66 -50.5237
1475.8 -50.5093
1475.94 -50.5045
1476.08 -50.5084
1476.22 -50.5211
1476.36 -50.5188
1476.5 -50.5047
1476.64 -50.4919
1476.78 -50.4931
1476.92 -50.4983
1477.07 -50.4898
1477.21 -50.4669
1477.35 -50.4536
1477.49 -50.4557
1477.63 -50.4565
1477.77 -50.4398
1477.91 -50.4244
1478.05 -50.4226
1478.19 -50.4261
1478.33 -50.4119
1478.47 -50.3955
1478.61 -50.3911
1478.75 -50.3981
1478.89 -50.3856
1479.03 -50.3672
1479.17 -50.3581
1479.31 -50.3689
1479.45 -50.3586
1479.59 -50.333
1479.73 -50.3208
1479.87 -50.3313
1480.01 -50.3299
1480.15 -50.3133
1480.29 -50.2993
1480.44 -50.3072
1480.58 -50.3041
1480.72 -50.2872
1480.86 -50.2688
1481 -50.2785
1481.14 -50.2779
1481.28 -50.26
1481.42 -50.2433
1481.56 -50.25
1481.7 -50.2541
1481.84 -50.2445
1481.98 -50.2233
1482.12 -50.223
1482.26 -50.2345
1482.4 -50.2326
1482.54 -50.2156
1482.68 -50.2083
1482.82 -50.2089
1482.96 -50.2021
1483.1 -50.1832
1483.24 -50.1776
1483.38 -50.1822
1483.52 -50.18
1483.66 -50.1566
1483.81 -50.1456
1483.95 -50.1502
1484.09 -50.1573
1484.23 -50.1327
1484.37 -50.1154
1484.51 -50.1184
1484.65 -50.1267
1484.79 -50.1111
1484.93 -50.0929
1485.07 -50.0879
1485.21 -50.0917
1485.35 -50.0859
1485.49 -50.0736
1485.63 -50.0647
1485.77 -50.0664
1485.91 -50.0618
1486.05 -50.0524
1486.19 -50.0422
1486.33 -50.0443
1486.47 -50.0385
1486.61 -50.0295
1486.75 -50.0149
1486.89 -50.0186
1487.03 -50.0121
1487.18 -50.0058
1487.32 -49.983
1487.46 -49.9863
1487.6 -50.0042
1487.74 -50.0154
1487.88 -50.0071
1488.02 -49.9985
1488.16 -49.9879
1488.3 -49.98
1488.44 -49.9655
1488.58 -49.965
1488.72 -49.9594
1488.86 -49.9547
1489 -49.9302
1489.14 -49.9271
1489.28 -49.94
1489.42 -49.9506
1489.56 -49.9354
1489.7 -49.921
1489.84 -49.908
1489.98 -49.9096
1490.12 -49.8951
1490.26 -49.8913
1490.4 -49.875
1490.55 -49.8776
1490.69 -49.8893
1490.83 -49.907
1490.97 -49.9061
1491.11 -49.8951
1491.25 -49.8617
1491.39 -49.8505
1491.53 -49.8462
1491.67 -49.8595
1491.81 -49.8258
1491.95 -49.7775
1492.09 -49.7492
1492.23 -49.7653
1492.37 -49.7636
1492.51 -49.761
1492.65 -49.7418
1492.79 -49.7542
1492.93 -49.7185
1493.07 -49.7041
1493.21 -49.7219
1493.35 -49.7719
1493.49 -49.7974
1493.63 -49.7788
1493.77 -49.7347
1493.92 -49.7321
1494.06 -49.7461
1494.2 -49.7442
1494.34 -49.7148
1494.48 -49.6996
1494.62 -49.7067
1494.76 -49.721
1494.9 -49.6977
1495.04 -49.6764
1495.18 -49.6687
1495.32 -49.69
1495.46 -49.6625
1495.6 -49.6393
1495.74 -49.6106
1495.88 -49.6382
1496.02 -49.5759
1496.12 -49.4945
1496.22 -49.4871
1496.32 -49.5288
1496.42 -49.5649
1496.52 -49.5584
1496.63 -49.54
1496.73 -49.5291
1496.83 -49.5377
1496.93 -49.5437
1497.03 -49.5472
1497.13 -49.5408
1497.23 -49.5373
1497.33 -49.5315
1497.43 -49.5332
1497.53 -49.5324
1497.63 -49.5333
1497.73 -49.5261
1497.83 -49.5231
1497.93 -49.5195
1498.03 -49.5216
1498.13 -49.5166
1498.24 -49.5076
1498.34 -49.5004
1498.44 -49.4996
1498.54 -49.4992
1498.64 -49.4978
1498.74 -49.4944
1498.89 -49.4947
1499.05 -49.4942
1499.2 -49.4936
1499.35 -49.4879
1499.51 -49.4835
1499.66 -49.4754
1499.81 -49.4704
1499.97 -49.4628
1500.12 -49.4597
1500.28 -49.4524
1500.43 -49.4489
1500.58 -49.4402
1500.74 -49.437
1500.89 -49.4285
1501.04 -49.4261
1501.2 -49.4166
1501.35 -49.4144
1501.51 -49.4042
1501.66 -49.4029
1501.81 -49.3918
1501.97 -49.3801
1502.12 -49.3682
1502.27 -49.3632
1502.53 -49.3552
1502.78 -49.3477
1503.04 -49.3439
1503.5 -49.3325
1503.97 -49.2958
1504.44 -49.2671
1504.91 -49.2446
1505.38 -49.2402
1505.84 -49.2182
1506.31 -49.2204
1506.78 -49.1691
1507.25 -49.1472
1507.71 -49.1292
1508.18 -49.1363
1508.65 -49.1175
1509.12 -49.0927
1509.59 -49.051
1510.05 -49.0249
1510.52 -48.9944
1510.99 -48.9827
1511.46 -48.946
1511.92 -48.9487
1512.39 -48.9345
1512.86 -48.9234
1513.33 -48.8882
1513.8 -48.8761
1514.26 -48.8205
1514.73 -48.8024
1515.2 -48.7876
1515.67 -48.7993
1516.13 -48.7762
1516.6 -48.7618
1517.07 -48.7411
1517.54 -48.7386
1518.01 -48.7156
1518.47 -48.7297
1518.94 -48.7117
1519.41 -48.6916
1519.88 -48.6473
1520.34 -48.6346
1520.81 -48.6122
1521.28 -48.596
1521.75 -48.561
1522.22 -48.5317
1522.68 -48.5004
1523.15 -48.491
1523.62 -48.4595
1524.09 -48.443
1524.55 -48.4227
1525.02 -48.419
1525.49 -48.3915
1525.96 -48.3733
1526.43 -48.3154
1526.89 -48.2719
1527.36 -48.2355
1527.83 -48.232
1528.3 -48.2288
1528.76 -48.2272
1529.23 -48.2097
1529.7 -48.1996
1530.17 -48.1748
1530.64 -48.1729
1531.1 -48.1631
1531.57 -48.1363
1532.04 -48.1063
1532.51 -48.0674
1533.26 -48.0168
1534.01 -47.9676
1534.77 -47.9308
1535.52 -47.8867
1536.27 -47.8644
1537.02 -47.8188
1537.78 -47.7809
1538.53 -47.7217
1539.28 -47.6804
1540.03 -47.6287
1540.79 -47.5956
1541.54 -47.5422
1542.29 -47.497
1543.04 -47.4404
1543.8 -47.3956
1544.55 -47.3343
1545.3 -47.2802
1546.05 -47.2049
1546.81 -47.1453
1547.56 -47.0695
1548.31 -47.0022
1549.06 -46.9208
1549.82 -46.8424
1550.57 -46.742
1551.32 -46.6513
1552.08 -46.5354
1552.83 -46.424
1553.58 -46.2815
1554.33 -46.1358
1554.52 -46.0907
1554.71 -46.0501
1554.9 -46.0007
1555.09 -45.9566
1555.27 -45.9074
1555.46 -45.8545
1555.93 -45.7171
1556.4 -45.5537
1556.87 -45.3588
1557.34 -45.1297
1557.81 -44.8374
1558.28 -44.4448
1558.75 -43.9407
1558.97 -43.6111
1559.19 -43.1731
1559.4 -42.6013
1559.52 -42.2022
1559.63 -41.6981
1559.74 -41.0557
1559.86 -40.1703
1559.91 -39.6131
1559.97 -38.931
1560.02 -38.0669
1560.08 -36.9328
1560.11 -36.1912
1560.14 -35.308
1560.17 -34.2374
1560.2 -32.896
1560.23 -31.1745
1560.24 -30.091
1560.26 -28.8345
1560.27 -27.3629
1560.29 -25.6142
1560.3 -23.5276
1560.32 -21.0217
1560.33 -17.9977
1560.35 -14.3589
1560.36 -10.0401
1560.38 -5.06007
1560.39 0.425828
1560.4 2.97548
1560.41 5.5387
1560.41 8.08205
1560.42 10.5714
1560.43 12.9746
1560.44 17.0237
1560.45 20.5912
1560.46 23.6142
1560.47 26.0823
1560.49 28.027
1560.5 29.5028
1560.51 30.57
1560.52 31.2856
1560.54 31.6993
1560.55 31.8517
1560.56 31.7761
1560.57 31.4988
1560.59 30.5796
1560.62 29.1928
1560.64 27.414
1560.66 25.3093
1560.68 22.9434
1560.71 18.9352
1560.75 14.6665
1560.78 10.3311
1560.82 6.06341
1560.85 1.97935
1560.88 -1.86436
1560.92 -5.45525
1560.95 -8.81301
1560.98 -11.9837
1561.02 -15.0298
1561.05 -18.0227
1561.08 -21.0369
1561.12 -24.1455
1561.15 -27.4128
1561.18 -30.8824
1561.22 -34.5565
1561.25 -38.3698
1561.28 -42.1739
1561.32 -45.7617
1561.35 -48.9426
1561.38 -51.6186
1561.42 -53.7827
1561.45 -55.4878
1561.48 -56.8143
1561.52 -57.84
1561.55 -58.6297
1561.58 -59.2342
1561.62 -59.6924
1561.65 -60.0344
1561.68 -60.2834
1561.72 -60.4577
1561.75 -60.5718
1561.8 -60.6557
1561.86 -60.6544
1561.91 -60.5931
1561.96 -60.4893
1562.01 -60.3566
1562.06 -60.2058
1562.12 -60.0455
1562.17 -59.8825
1562.22 -59.722
1562.27 -59.5678
1562.33 -59.4228
1562.38 -59.289
1562.43 -59.1677
1562.48 -59.0597
1562.53 -58.9654
1562.59 -58.8845
1562.68 -58.7771
1562.76 -58.7047
1562.85 -58.6633
1562.94 -58.6488
1563.03 -58.6571
1563.12 -58.6841
1563.21 -58.7259
1563.3 -58.7792
1563.38 -58.8406
1563.47 -58.9072
1563.56 -58.9764
1563.65 -59.0459
1563.74 -59.1139
1563.83 -59.1788
1563.92 -59.2392
1564 -59.2944
1564.09 -59.3434
1564.18 -59.3858
1564.27 -59.4212
1564.36 -59.4496
1564.45 -59.4707
1564.54 -59.4848
1564.67 -59.4931
1564.8 -59.4863
1564.94 -59.4656
1565.07 -59.4321
1565.21 -59.387
1565.34 -59.3315
1565.56 -59.2189
1565.79 -59.0857
1566.01 -58.9362
1566.23 -58.7742
1566.46 -58.6029
1566.68 -58.4252
1567.02 -58.15
1567.35 -57.8719
1567.69 -57.5957
1568.03 -57.3249
1568.37 -57.062
1568.7 -56.8084
1569.27 -56.4057
1569.84 -56.0346
1570.4 -55.6947
1571.26 -55.2374
1572.11 -54.8403
1572.97 -54.4933
1573.82 -54.1912
1574.68 -53.9244
1575.53 -53.6936
1576.39 -53.4766
1577.24 -53.302
1578.1 -53.1507
1578.96 -52.9913
1579.81 -52.8194
1580.67 -52.6323
1581.52 -52.5009
1582.38 -52.436
1583.23 -52.3416
1584.09 -52.2142
1584.94 -52.1416
1585.8 -52.095
1586.65 -51.9942
1587.51 -51.762
1588.36 -51.6339
1588.91 -51.682
1589.46 -51.6828
1590.01 -51.6212
1590.42 -51.5956
1590.82 -51.6118
1591.23 -51.6299
1591.64 -51.5743
1592.05 -51.4901
1592.45 -51.4515
1592.86 -51.46
1593.27 -51.4136
1593.67 -51.3332
1594.08 -51.3284
1594.49 -51.3847
1594.9 -51.3135
1595.18 -51.2111
1595.47 -51.1854
1595.76 -51.1855
1596.05 -51.1439
1596.33 -51.0677
1596.62 -51.0969
1596.83 -51.1588
1597.04 -51.1599
1597.26 -51.1343
1597.47 -51.1138
1597.68 -51.1176
1597.89 -51.0703
1598.1 -51.0442
1598.31 -51.0142
1598.52 -51.0375
1598.68 -51.0678
1598.84 -51.055
1598.99 -51.027
1599.15 -50.9718
1599.31 -50.9397
1599.46 -50.9359
1599.62 -50.9708
1599.78 -50.9454
1599.93 -50.8887
1600.09 -50.8618
1600.24 -50.8953
1600.4 -50.8997
1600.56 -50.8758
1600.71 -50.8433
1600.87 -50.8608
1601.03 -50.8412
1601.18 -50.814
1601.34 -50.772
1601.5 -50.7925
1601.65 -50.7397
1601.77 -50.6663
1601.88 -50.6594
1601.99 -50.7018
1602.1 -50.7368
1602.21 -50.7288
1602.32 -50.7072
1602.43 -50.7002
1602.55 -50.7118
1602.66 -50.7176
1602.77 -50.7135
1602.88 -50.7058
1602.99 -50.704
1603.1 -50.7011
1603.22 -50.6973
1603.33 -50.6935
1603.44 -50.6926
1603.55 -50.6881
1603.66 -50.6812
1603.77 -50.6752
1603.88 -50.6741
1604 -50.6711
1604.11 -50.6645
1604.22 -50.6568
1604.33 -50.6537
1604.44 -50.651
1604.55 -50.6454
1604.67 -50.6376
1604.78 -50.633
1604.89 -50.6298
1605 -50.6249
1605.11 -50.6172
1605.28 -50.611
1605.45 -50.6051
1605.62 -50.6017
1605.79 -50.5936
1605.96 -50.5849
1606.13 -50.5731
1606.3 -50.5651
1606.55 -50.5513
1606.81 -50.5355
1607.06 -50.5227
1607.5 -50.501
1607.93 -50.4754
1608.36 -50.4558
1608.8 -50.4296
1609.23 -50.4138
1609.67 -50.3837
1610.1 -50.3736
1610.54 -50.3587
1610.97 -50.3467
1611.66 -50.3126
1612.35 -50.2762
1613.03 -50.2351
1614.37 -50.1629
1615.7 -50.0984
1617.03 -50.0309
1618.36 -49.9761
1619.69 -49.9038
1621.02 -49.8471
1622.35 -49.7837
1623.68 -49.7339
1625.01 -49.6782
1626.35 -49.6197
1628.49 -49.5252
1630.64 -49.4249
1632.78 -49.3321
1634.93 -49.225
1637.07 -49.1401
1639.22 -49.0399
1641.37 -48.9554
1643.51 -48.8531
1645.66 -48.7657
1646.19 -48.7376
1646.73 -48.7115
1647.27 -48.687
1648.5 -48.6273
1649.73 -48.5719
1650.95 -48.5087
1652.18 -48.4619
1653.41 -48.397
1654.64 -48.3431
1655.87 -48.276
1657.1 -48.2171
1658.33 -48.1485
1659.56 -48.0945
1660.79 -48.0203
1662.02 -47.9582
1663.25 -47.8783
1664.48 -47.8098
1665.71 -47.7247
1666.93 -47.6505
1668.16 -47.558
1669.39 -47.4763
1670.62 -47.3725
1670.93 -47.3515
1671.24 -47.3281
1671.54 -47.3023
1672.27 -47.2441
1672.99 -47.1795
1674.15 -47.0744
1675.31 -46.9495
1676.47 -46.8208
1677.64 -46.6621
1678.8 -46.4974
1679.09 -46.4451
1679.38 -46.3926
1679.67 -46.3402
1680.3 -46.2103
1680.92 -46.0723
1681.55 -45.9134
1682.17 -45.723
1682.8 -45.4984
1683.42 -45.2204
1684.05 -44.8691
1684.68 -44.3605
1684.96 -44.0312
1685.24 -43.5859
1685.53 -42.9737
1685.6 -42.786
1685.67 -42.5681
1685.74 -42.3218
1685.86 -41.7871
1685.99 -41.0753
1686.12 -40.071
1686.15 -39.7594
1686.18 -39.41
1686.21 -39.0159
1686.27 -38.0135
1686.34 -36.644
1686.4 -34.6707
1686.44 -33.1048
1686.48 -30.979
1686.51 -27.9604
1686.54 -25.3873
1686.56 -22.0181
1686.58 -17.5559
1686.6 -11.6664
1686.63 -4.30457
1686.64 0.317664
1686.65 5.124
1686.67 9.8873
1686.68 14.3818
1686.69 18.4274
1686.7 21.913
1686.72 24.7984
1686.73 27.0994
1686.74 28.8666
1686.75 30.1653
1686.77 31.0612
1686.78 31.6132
1686.79 31.8705
1686.81 31.8725
1686.82 31.651
1686.84 30.849
1686.86 29.586
1686.88 27.9344
1686.91 24.7242
1686.95 20.9416
1686.98 16.806
1687.01 12.5212
1687.05 8.24898
1687.08 4.10768
1687.11 0.17266
1687.15 -3.52218
1687.18 -6.9769
1687.21 -10.2204
1687.25 -13.3042
1687.28 -16.2944
1687.31 -19.2643
1687.35 -22.2879
1687.38 -25.4346
1687.41 -28.7612
1687.44 -32.297
1687.48 -36.0215
1687.51 -39.8397
1687.54 -43.5771
1687.58 -47.0258
1687.61 -50.0169
1687.64 -52.4852
1687.68 -54.4611
1687.71 -56.0197
1687.74 -57.2406
1687.78 -58.1918
1687.81 -58.9272
1687.84 -59.49
1687.89 -60.0988
1687.94 -60.4767
1688 -60.6885
1688.05 -60.7797
1688.1 -60.784
1688.15 -60.7261
1688.2 -60.6245
1688.25 -60.4931
1688.3 -60.3428
1688.35 -60.1819
1688.4 -60.017
1688.45 -59.8533
1688.51 -59.6948
1688.56 -59.5445
1688.61 -59.4046
1688.66 -59.2766
1688.71 -59.1612
1688.76 -59.0591
1688.81 -58.9701
1688.9 -58.8481
1688.99 -58.7613
1689.07 -58.7063
1689.16 -58.679
1689.25 -58.6755
1689.33 -58.6917
1689.42 -58.7241
1689.51 -58.769
1689.6 -58.8234
1689.68 -58.8841
1689.77 -58.9487
1689.86 -59.0147
1689.94 -59.0802
1690.03 -59.1436
1690.12 -59.2034
1690.21 -59.2587
1690.29 -59.3086
1690.38 -59.3524
1690.47 -59.3898
1690.55 -59.4204
1690.64 -59.4443
1690.73 -59.4613
1690.81 -59.4716
1690.95 -59.4748
1691.08 -59.4634
1691.22 -59.4385
1691.35 -59.4013
1691.48 -59.3528
1691.7 -59.2545
1691.91 -59.135
1692.13 -58.9984
1692.34 -58.8484
1692.56 -58.6881
1692.77 -58.5203
1693.1 -58.2554
1693.43 -57.9851
1693.76 -57.7147
1694.08 -57.4477
1694.41 -57.1869
1694.74 -56.9341
1695.28 -56.5351
1695.83 -56.1647
1696.37 -55.8232
1696.92 -55.5095
1697.46 -55.2221
1698.01 -54.9589
1698.55 -54.718
1699.38 -54.3906
1700.2 -54.1031
1701.03 -53.8491
1701.85 -53.6238
1702.68 -53.4217
1703.5 -53.2408
1704.33 -53.0748
1705.15 -52.9267
1705.98 -52.7844
1706.8 -52.6639
1707.63 -52.5305
1708.45 -52.408
1709.28 -52.2742
1710.1 -52.1693
1710.93 -52.0973
1711.75 -52.033
1712.58 -51.9663
1713.4 -51.8609
1714.23 -51.7616
1715.05 -51.6712
1715.87 -51.6032
1716.7 -51.5479
1717.52 -51.4967
1718.35 -51.4553
1719.17 -51.3978
1720 -51.3152
1720.82 -51.2339
1721.65 -51.1887
1722.47 -51.1482
1723.3 -51.0926
1724.12 -50.9648
1724.95 -50.8861
1725.77 -50.8748
1726.6 -50.8505
1727.42 -50.839
1728 -50.8112
1728.57 -50.7649
1729.14 -50.6851
1729.71 -50.6217
1730.29 -50.5498
1730.86 -50.5951
1731.24 -50.6221
1731.61 -50.5861
1731.99 -50.5313
1732.37 -50.4975
1732.74 -50.4927
1733.12 -50.5137
1733.5 -50.4793
1733.87 -50.4228
1734.25 -50.3725
1734.63 -50.377
1735.01 -50.3501
1735.38 -50.3556
1735.76 -50.3391
1736.14 -50.3871
1736.51 -50.391
1736.89 -50.3363
1737.27 -50.2567
1737.64 -50.1975
1738.02 -50.1917
1738.4 -50.2021
1738.77 -50.19
1739.15 -50.1408
1739.53 -50.0999
1739.9 -50.0861
1740.28 -50.1023
1740.66 -50.061
1741.04 -50.0041
1741.41 -49.9637
1741.79 -49.9784
1742.17 -49.9507
1742.54 -49.9047
1742.92 -49.8421
1743.3 -49.841
1743.67 -49.86
1744.05 -49.895
1744.43 -49.8595
1744.8 -49.8035
1745.18 -49.7793
1745.56 -49.7717
1745.94 -49.8042
1746.31 -49.8145
1746.69 -49.7821
1747.07 -49.7424
1747.44 -49.6986
1747.82 -49.7021
1748.2 -49.6566
1748.57 -49.6015
1748.95 -49.5728
1749.33 -49.567
1749.7 -49.5986
1750.08 -49.5765
1750.46 -49.5277
1750.83 -49.4496
1751.21 -49.4488
1751.59 -49.4759
1751.97 -49.4671
1752.34 -49.4373
1752.72 -49.3515
1753.1 -49.3386
1753.47 -49.364
1753.85 -49.3714
1754.23 -49.3423
1754.6 -49.2412
1754.98 -49.218
1755.24 -49.2422
1755.5 -49.2425
1755.76 -49.222
1756.02 -49.1617
1756.28 -49.123
1756.54 -49.1171
1756.8 -49.1443
1757.06 -49.124
1757.32 -49.0889
1757.58 -49.0637
1757.84 -49.0741
1758.11 -49.0634
1758.37 -49.0735
1758.63 -49.0231
1758.89 -48.9759
1759.15 -48.9735
1759.41 -48.9836
1759.67 -49.0221
1759.93 -49.0156
1760.19 -48.9868
1760.45 -48.9709
1760.71 -48.9634
1760.97 -48.9863
1761.23 -48.9792
1761.49 -48.9785
1761.75 -48.8933
1762.01 -48.8212
1762.27 -48.8173
1762.53 -48.8346
1762.79 -48.874
1763.05 -48.8574
1763.31 -48.821
1763.57 -48.7545
1763.83 -48.7478
1764.09 -48.7673
1764.35 -48.816
1764.61 -48.8008
1764.87 -48.7591
1765.14 -48.6844
1765.4 -48.68
1765.66 -48.7044
1765.92 -48.7024
1766.18 -48.6845
1766.44 -48.6246
1766.7 -48.6067
1766.96 -48.569
1767.22 -48.6348
1767.39 -48.6777
1767.57 -48.6619
1767.75 -48.6385
1767.92 -48.6292
1768.1 -48.6226
1768.28 -48.6302
1768.45 -48.6229
1768.63 -48.6174
1768.81 -48.5845
1768.98 -48.581
1769.16 -48.5868
1769.33 -48.5981
1769.51 -48.5861
1769.69 -48.5764
1769.86 -48.5449
1770.04 -48.5439
1770.22 -48.5168
1770.39 -48.4891
1770.57 -48.452
1770.75 -48.4422
1770.92 -48.4453
1771.1 -48.4616
1771.27 -48.4585
1771.45 -48.452
1771.63 -48.4191
1771.8 -48.4175
1771.98 -48.4259
1772.16 -48.4384
1772.33 -48.4259
1772.51 -48.417
1772.69 -48.386
1772.86 -48.3872
1773.04 -48.3576
1773.21 -48.3271
1773.39 -48.2871
1773.57 -48.2785
1773.74 -48.2615
1773.92 -48.2855
1774.1 -48.3064
1774.27 -48.32
1774.45 -48.3138
1774.63 -48.3071
1774.8 -48.2866
1774.98 -48.2795
1775.15 -48.2551
1775.33 -48.2319
1775.51 -48.2079
1775.68 -48.1993
1775.86 -48.1851
1776.04 -48.191
1776.21 -48.1728
1776.39 -48.1785
1776.57 -48.1856
1776.74 -48.2
1776.92 -48.1929
1777.09 -48.189
1777.27 -48.1488
1777.45 -48.1125
1777.62 -48.086
1777.8 -48.0889
1777.98 -48.0946
1778.15 -48.1002
1778.33 -48.0885
1778.5 -48.0823
1778.68 -48.0556
1778.86 -48.0532
1779.03 -48.0565
1779.21 -48.0675
1779.39 -48.057
1779.56 -48.0501
1779.74 -48.0119
1779.92 -48.0107
1780.09 -48.0196
1780.27 -48.0374
1780.44 -48.0239
1780.62 -48.016
1780.8 -47.9678
1780.97 -47.9264
1781.15 -47.8914
1781.33 -47.8927
1781.5 -47.9001
1781.68 -47.913
1781.86 -47.9021
1782.03 -47.8969
1782.21 -47.8572
1782.38 -47.8214
1782.56 -47.7913
1782.74 -47.7919
1782.91 -47.7737
1783.09 -47.7502
1783.27 -47.7227
1783.44 -47.7111
1783.62 -47.6947
1783.8 -47.7021
1783.97 -47.6812
1784.15 -47.6543
1784.32 -47.6166
1784.5 -47.6062
1784.68 -47.5861
1784.85 -47.6071
1785.03 -47.6252
1785.21 -47.6382
1785.38 -47.6158
1785.56 -47.6116
1785.74 -47.6126
1785.91 -47.6174
1786.09 -47.6088
1786.26 -47.6024
1786.44 -47.569
1786.62 -47.5583
1786.79 -47.556
1786.97 -47.5672
1787.15 -47.5557
1787.32 -47.5478
1787.5 -47.4976
1787.68 -47.4523
1787.85 -47.4156
1788.03 -47.4158
1788.2 -47.3902
1788.38 -47.3576
1788.56 -47.3434
1788.73 -47.3227
1788.91 -47.3265
1789.09 -47.329
1789.26 -47.3333
1789.44 -47.3109
1789.62 -47.3023
1789.79 -47.2975
1789.97 -47.2999
1790.14 -47.29
1790.32 -47.2825
1790.5 -47.2427
1790.67 -47.2037
1790.85 -47.1721
1791.03 -47.1688
1791.2 -47.1458
1791.38 -47.1478
1791.56 -47.1486
1791.73 -47.1586
1791.91 -47.1391
1792.08 -47.1088
1792.26 -47.0601
1792.44 -47.0384
1792.61 -47.0303
1792.79 -47.0395
1792.97 -47.0222
1793.14 -47.0104
1793.32 -46.9462
1793.5 -46.8873
1793.67 -46.8695
1793.85 -46.8471
1794.02 -46.817
1794.2 -46.7859
1794.38 -46.7542
1794.55 -46.7293
1794.73 -46.7087
1794.91 -46.6977
1795.17 -46.6738
1795.44 -46.6149
1795.7 -46.5583
1795.97 -46.5057
1796.23 -46.4701
1796.5 -46.4191
1796.76 -46.3921
1797.03 -46.3104
1797.29 -46.254
1797.56 -46.1939
1797.82 -46.1523
1798.09 -46.0804
1798.36 -46.0169
1798.62 -45.9093
1798.89 -45.8059
1799.15 -45.7
1799.42 -45.6112
1799.68 -45.5145
1799.95 -45.4076
1800.21 -45.2826
1800.65 -45.0335
1801.08 -44.705
1801.51 -44.2659
1801.94 -43.6337
1802.05 -43.4243
1802.16 -43.1878
1802.27 -42.904
1802.38 -42.5796
1802.48 -42.1866
1802.59 -41.6981
1802.7 -41.0761
1802.81 -40.2496
1802.92 -39.091
1803.02 -37.2739
1803.05 -36.6545
1803.08 -35.9245
1803.12 -34.3512
1803.17 -32.1289
1803.22 -28.7789
1803.24 -26.2656
1803.26 -22.9387
1803.29 -18.4578
1803.31 -12.4121
1803.34 -4.62309
1803.35 -0.168359
1803.36 4.45619
1803.37 9.06751
1803.39 13.4701
1803.4 17.4916
1803.41 21.0142
1803.42 23.9837
1803.43 26.4003
1803.45 28.3011
1803.46 29.7415
1803.47 30.7816
1803.48 31.4777
1803.49 31.8782
1803.51 32.0232
1803.52 31.9448
1803.54 31.3857
1803.56 30.3701
1803.58 28.968
1803.61 26.243
1803.64 22.9486
1803.67 19.2636
1803.7 15.3591
1803.73 11.3803
1803.76 7.44285
1803.79 3.632
1803.83 0.00252078
1803.86 -3.41853
1803.89 -6.63055
1803.92 -9.65669
1803.97 -14.1456
1804.01 -18.4856
1804.06 -22.9001
1804.11 -27.6192
1804.16 -32.7678
1804.21 -38.2917
1804.26 -43.8303
1804.3 -48.7584
1804.34 -51.4649
1804.37 -53.6527
1804.4 -55.3914
1804.43 -56.7637
1804.47 -57.8408
1804.5 -58.6797
1804.53 -59.3268
1804.57 -59.8205
1804.62 -60.3854
1804.67 -60.7135
1804.73 -60.8747
1804.78 -60.9169
1804.84 -60.8751
1804.89 -60.7751
1804.95 -60.6361
1805 -60.4726
1805.06 -60.2954
1805.11 -60.113
1805.17 -59.932
1805.22 -59.7573
1805.27 -59.5925
1805.33 -59.4401
1805.38 -59.3017
1805.44 -59.1782
1805.49 -59.0702
1805.55 -58.9774
1805.63 -58.8604
1805.72 -58.778
1805.81 -58.7264
1805.89 -58.7017
1805.98 -58.6998
1806.07 -58.7169
1806.15 -58.7493
1806.24 -58.7937
1806.33 -58.8468
1806.41 -58.9058
1806.5 -58.9682
1806.59 -59.0318
1806.67 -59.0946
1806.76 -59.1552
1806.85 -59.2122
1806.93 -59.2646
1807.02 -59.3115
1807.1 -59.3525
1807.19 -59.3872
1807.28 -59.4153
1807.36 -59.4367
1807.45 -59.4515
1807.54 -59.4597
1807.67 -59.46
1807.8 -59.4461
1807.94 -59.4189
1808.07 -59.3797
1808.2 -59.3296
1808.34 -59.2697
1808.47 -59.2012
1808.6 -59.1252
1808.84 -58.9766
1809.07 -58.8124
1809.31 -58.6367
1809.54 -58.4529
1809.92 -58.1413
1810.31 -57.8252
1810.69 -57.5116
1811.07 -57.2054
1811.45 -56.9096
1811.84 -56.6264
1812.43 -56.2186
1813.01 -55.8446
1813.6 -55.5033
1814.19 -55.1924
1814.78 -54.9096
1815.37 -54.6522
1815.96 -54.4178
1816.9 -54.0832
1817.84 -53.793
1818.79 -53.5368
1819.73 -53.3154
1820.67 -53.1194
1821.62 -52.9507
1822.56 -52.7757
1823.5 -52.6077
1824.45 -52.4223
1825.39 -52.275
1826.33 -52.1942
1827.28 -52.136
1828.22 -52.0347
1829.16 -51.8599
1830.1 -51.6739
1831.05 -51.6669
1831.71 -51.7016
1832.2 -51.6348
1832.69 -51.5597
1833.18 -51.526
1833.67 -51.4664
1834.16 -51.4016
1834.65 -51.3189
1835.13 -51.3671
1835.47 -51.4076
1835.72 -51.3524
1835.97 -51.305
1836.21 -51.2891
1836.46 -51.3195
1836.71 -51.3201
1836.95 -51.281
1837.2 -51.1563
1837.45 -51.1214
1837.62 -51.1714
1837.8 -51.178
1837.98 -51.1322
1838.15 -51.0648
1838.33 -51.0537
1838.5 -51.0733
1838.68 -51.0923
1838.85 -51.0399
1839.03 -51.0045
1839.21 -50.9804
1839.38 -51.003
1839.56 -50.9204
1839.68 -50.8321
1839.81 -50.8271
1839.94 -50.869
1840.06 -50.9019
1840.19 -50.8942
1840.32 -50.8776
1840.44 -50.8632
1840.57 -50.8645
1840.69 -50.8664
1840.82 -50.8706
1840.95 -50.8599
1841.07 -50.8477
1841.2 -50.8359
1841.33 -50.8387
1841.45 -50.8352
1841.58 -50.8276
1841.71 -50.8121
1841.83 -50.8088
1841.96 -50.8042
1842.09 -50.7994
1842.21 -50.7939
1842.34 -50.7935
1842.46 -50.7908
1842.59 -50.7812
1842.72 -50.7651
1842.84 -50.7569
1842.97 -50.7546
1843.1 -50.7502
1843.22 -50.7363
1843.35 -50.7253
1843.48 -50.7205
1843.6 -50.7176
1843.73 -50.7058
1843.86 -50.6944
1843.98 -50.6879
1844.11 -50.6855
1844.23 -50.675
1844.36 -50.6632
1844.49 -50.6552
1844.61 -50.6534
1844.74 -50.6443
1844.87 -50.6324
1844.99 -50.6226
1845.12 -50.6208
1845.25 -50.6133
1845.37 -50.6002
1845.5 -50.59
1845.63 -50.5867
1845.75 -50.5814
1845.88 -50.5712
1846 -50.5609
1846.13 -50.556
1846.26 -50.5501
1846.38 -50.5404
1846.51 -50.5298
1846.64 -50.5247
1846.76 -50.5196
1846.89 -50.5105
1847.02 -50.4989
1847.14 -50.4929
1847.27 -50.4884
1847.4 -50.4807
1847.52 -50.4687
1847.65 -50.4614
1847.77 -50.4569
1847.9 -50.4508
1848.03 -50.4389
1848.15 -50.4303
1848.28 -50.4253
1848.41 -50.4206
1848.53 -50.4092
1848.73 -50.3918
1848.93 -50.3982
1849.12 -50.4088
1849.32 -50.4094
1849.51 -50.3827
1849.71 -50.3605
1849.91 -50.3425
1850.1 -50.3406
1850.3 -50.3219
1850.49 -50.3099
1850.69 -50.2863
1850.89 -50.285
1851.08 -50.2628
1851.28 -50.2386
1851.47 -50.2124
1851.67 -50.2043
1851.87 -50.195
1852.06 -50.1967
1852.26 -50.1804
1852.45 -50.1743
1852.65 -50.1704
1852.85 -50.1711
1853.04 -50.1618
1853.24 -50.1502
1853.43 -50.1281
1853.63 -50.1178
1853.83 -50.1038
1854.02 -50.1009
1854.22 -50.0808
1854.41 -50.0743
1854.61 -50.0513
1854.81 -50.0518
1855 -50.0546
1855.2 -50.0586
1855.39 -50.0462
1855.59 -50.034
1855.79 -50.0079
1855.98 -49.998
1856.18 -49.9794
1856.37 -49.9799
1856.57 -49.9798
1856.77 -49.9797
1856.96 -49.9662
1857.16 -49.9543
1857.36 -49.9303
1857.55 -49.9202
1857.75 -49.9018
1857.94 -49.901
1858.14 -49.8769
1858.34 -49.8513
1858.53 -49.8252
1858.73 -49.8178
1858.92 -49.8074
1859.12 -49.8107
1859.32 -49.7939
1859.51 -49.7912
1859.71 -49.7635
1859.9 -49.7665
1860.1 -49.7338
1860.3 -49.7017
1860.49 -49.6938
1860.69 -49.6895
1860.88 -49.7
1861.08 -49.6911
1861.28 -49.6878
1861.47 -49.6574
1861.67 -49.6308
1861.86 -49.6084
1862.06 -49.6062
1862.26 -49.596
1862.45 -49.6009
1862.65 -49.5838
1862.84 -49.5864
1863.04 -49.5549
1863.24 -49.5251
1863.43 -49.494
1863.63 -49.4918
1863.82 -49.4813
1864.02 -49.4964
1864.22 -49.474
1864.41 -49.4467
1864.61 -49.413
1864.8 -49.4105
1865 -49.4017
1865.2 -49.3915
1865.39 -49.3715
1865.59 -49.36
1865.78 -49.3506
1865.98 -49.3616
1866.18 -49.3551
1866.37 -49.3558
1866.57 -49.3268
1866.76 -49.3331
1866.96 -49.3464
1867.16 -49.3624
1867.35 -49.3506
1867.55 -49.3418
1867.75 -49.3084
1867.94 -49.3071
1868.14 -49.314
1868.33 -49.3061
1868.53 -49.2958
1868.73 -49.2682
1868.92 -49.2577
1869.12 -49.2393
1869.31 -49.2487
1869.51 -49.2569
1869.71 -49.2626
1869.9 -49.2479
1870.1 -49.2394
1870.29 -49.2109
1870.49 -49.2066
1870.69 -49.2081
1870.88 -49.2171
1871.08 -49.2057
1871.27 -49.1953
1871.47 -49.1609
1871.67 -49.1565
1871.86 -49.1607
1872.06 -49.1704
1872.25 -49.1563
1872.45 -49.1336
1872.65 -49.1052
1872.84 -49.0934
1873.04 -49.0815
1873.23 -49.0853
1873.43 -49.0653
1873.63 -49.041
1873.82 -49.0148
1874.02 -49.0083
1874.21 -48.9968
1874.41 -49.0028
1874.61 -48.9809
1874.8 -48.9837
1875 -48.9899
1875.19 -49.0045
1875.39 -48.9959
1875.59 -48.9886
1875.78 -48.9473
1875.98 -48.9119
1876.17 -48.9018
1876.37 -48.8963
1876.57 -48.8995
1876.76 -48.8844
1876.96 -48.8806
1877.15 -48.8526
1877.35 -48.8268
1877.55 -48.7987
1877.74 -48.7937
1877.94 -48.7793
1878.14 -48.792
1878.33 -48.8024
1878.53 -48.8105
1878.72 -48.7949
1878.92 -48.7882
1879.12 -48.7564
1879.31 -48.728
1879.51 -48.7004
1879.7 -48.6975
1879.9 -48.6828
1880.1 -48.6657
1880.29 -48.6428
1880.49 -48.6315
1880.68 -48.6183
1880.88 -48.6265
1881.08 -48.6123
1881.27 -48.5918
1881.47 -48.5627
1881.66 -48.5557
1881.86 -48.5433
1882.06 -48.5586
1882.25 -48.5309
1882.45 -48.4968
1882.64 -48.4557
1882.84 -48.4541
1883.04 -48.4372
1883.23 -48.4181
1883.43 -48.3864
1883.62 -48.373
1883.82 -48.3554
1884.02 -48.3435
1884.21 -48.3254
1884.41 -48.313
1884.6 -48.297
1884.8 -48.3091
1885 -48.3219
1885.19 -48.3255
1885.39 -48.3064
1885.58 -48.2997
1885.78 -48.2804
1885.98 -48.2888
1886.17 -48.252
1886.37 -48.2127
1886.56 -48.1693
1886.76 -48.1681
1886.96 -48.1455
1887.15 -48.1211
1887.35 -48.0862
1887.54 -48.0742
1887.74 -48.0528
1887.94 -48.0364
1888.13 -48.0149
1888.33 -48.0031
1888.52 -47.9841
1888.72 -47.9995
1888.92 -48.0163
1889.11 -48.0254
1889.31 -48.0038
1889.51 -47.9985
1889.7 -47.9679
1889.9 -47.9403
1890.09 -47.902
1890.29 -47.896
1890.49 -47.9018
1890.68 -47.9243
1890.88 -47.9169
1891.07 -47.9148
1891.27 -47.9115
1891.47 -47.9233
1891.66 -47.9266
1891.86 -47.9162
1892.05 -47.8778
1892.25 -47.8514
1892.45 -47.8319
1892.64 -47.8546
1892.84 -47.8721
1893.03 -47.8728
1893.23 -47.845
1893.43 -47.8396
1893.62 -47.8418
1893.82 -47.8391
1894.01 -47.8215
1894.21 -47.8097
1894.41 -47.7866
1894.6 -47.7808
1894.8 -47.7451
1894.99 -47.7093
1895.19 -47.6708
1895.39 -47.6616
1895.58 -47.6344
1895.78 -47.6064
1895.97 -47.572
1896.17 -47.5555
1896.37 -47.5287
1896.56 -47.5054
1896.76 -47.4799
1896.95 -47.4635
1897.15 -47.4385
1897.35 -47.4443
1897.54 -47.4524
1897.74 -47.4564
1897.93 -47.4298
1898.13 -47.4208
1898.33 -47.4188
1898.52 -47.4237
1898.72 -47.4117
1898.91 -47.4042
1899.11 -47.3598
1899.31 -47.3172
1899.5 -47.2784
1899.7 -47.258
1899.9 -47.2337
1900.09 -47.2288
1900.29 -47.2246
1900.48 -47.2273
1900.68 -47.2056
1900.88 -47.1977
1901.07 -47.1913
1901.27 -47.1957
1901.46 -47.1861
1901.66 -47.1824
1901.86 -47.1725
1902.05 -47.1647
1902.25 -47.1537
1902.44 -47.1478
1902.64 -47.1092
1902.84 -47.0664
1903.03 -47.032
1903.23 -47.0284
1903.42 -47.0034
1903.62 -46.9675
1903.82 -46.924
1904.01 -46.9022
1904.21 -46.8708
1904.4 -46.8384
1904.6 -46.7965
1904.8 -46.7653
1904.99 -46.7247
1905.19 -46.7278
1905.38 -46.7331
1905.58 -46.732
1905.78 -46.6873
1905.97 -46.6357
1906.17 -46.5758
1906.36 -46.5512
1906.56 -46.5374
1906.76 -46.5426
1906.95 -46.5135
1907.15 -46.4672
1907.34 -46.3878
1907.54 -46.3239
1907.74 -46.2794
1907.93 -46.2859
1908.13 -46.2847
1908.32 -46.2405
1908.52 -46.202
1908.72 -46.171
1908.91 -46.1381
1909.11 -46.1022
1909.3 -46.0538
1909.5 -46.0009
1909.7 -45.9294
1909.89 -45.8847
1910.09 -45.8455
1910.29 -45.8099
1910.48 -45.7378
1910.68 -45.6517
1910.87 -45.5463
1911.07 -45.4698
1911.27 -45.4007
1911.46 -45.3047
1911.66 -45.1936
1911.85 -45.0421
1912.05 -44.9037
1912.25 -44.7677
1912.44 -44.6577
1912.64 -44.5147
1912.83 -44.3197
1913.03 -43.9761
1913.23 -43.6175
1913.36 -43.3805
1913.5 -43.106
1913.64 -42.7337
1913.77 -42.2738
1913.91 -41.6569
1914.05 -40.8688
1914.08 -40.6151
1914.11 -40.3181
1914.15 -39.9885
1914.18 -39.6292
1914.22 -39.2287
1914.25 -38.7744
1914.28 -38.247
1914.34 -37.1834
1914.4 -35.7359
1914.45 -33.6661
1914.51 -30.4344
1914.55 -27.0438
1914.58 -21.8482
1914.62 -13.5715
1914.64 -6.91512
1914.67 0.93149
1914.69 9.24883
1914.71 16.8775
1914.72 20.8768
1914.74 24.188
1914.75 26.811
1914.76 28.793
1914.78 30.2144
1914.79 31.1631
1914.81 31.7156
1914.82 31.9319
1914.83 31.8585
1914.85 31.5321
1914.87 30.5612
1914.89 29.1184
1914.91 27.2809
1914.93 25.1196
1914.96 22.702
1914.98 20.0915
1915.01 15.5702
1915.05 10.9234
1915.09 6.33925
1915.12 1.95521
1915.16 -2.15412
1915.19 -5.97415
1915.23 -9.5359
1915.26 -12.9007
1915.3 -16.1478
1915.34 -19.367
1915.37 -22.652
1915.41 -26.0923
1915.44 -29.7579
1915.48 -33.6746
1915.52 -37.7814
1915.55 -41.9205
1915.59 -45.8408
1915.62 -49.2916
1915.66 -52.1431
1915.69 -54.3952
1915.73 -56.1348
1915.77 -57.4685
1915.8 -58.4869
1915.84 -59.2581
1915.87 -59.8343
1915.91 -60.2568
1915.94 -60.5586
1916 -60.8479
1916.06 -60.9761
1916.11 -60.9902
1916.17 -60.9239
1916.22 -60.8025
1916.28 -60.6452
1916.34 -60.4665
1916.39 -60.2771
1916.45 -60.0854
1916.5 -59.8977
1916.56 -59.7186
1916.62 -59.5514
1916.67 -59.3983
1916.73 -59.2608
1916.78 -59.1395
1916.84 -59.0347
1916.89 -58.9458
1916.98 -58.8369
1917.07 -58.7626
1917.16 -58.719
1917.25 -58.7017
1917.34 -58.7066
1917.42 -58.7296
1917.51 -58.7668
1917.6 -58.815
1917.69 -58.8709
1917.78 -58.9316
1917.86 -58.9946
1917.95 -59.0578
1918.04 -59.1194
1918.13 -59.1779
1918.22 -59.232
1918.35 -59.3053
1918.49 -59.3638
1918.62 -59.4062
1918.76 -59.4321
1918.9 -59.4419
1919.03 -59.4362
1919.17 -59.4161
1919.31 -59.3827
1919.44 -59.3373
1919.66 -59.243
1919.88 -59.126
1920.1 -58.9908
1920.31 -58.8412
1920.53 -58.6805
1920.75 -58.5117
1920.97 -58.3371
1921.32 -58.0468
1921.67 -57.7541
1922.03 -57.4643
1922.38 -57.1809
1922.91 -56.7703
1923.45 -56.385
1923.98 -56.0271
1924.51 -55.6969
1925.05 -55.3934
1925.58 -55.1148
1926.44 -54.7148
1927.29 -54.365
1928.15 -54.0574
1929 -53.7894
1929.86 -53.5492
1930.71 -53.3413
1931.57 -53.1366
1932.42 -52.9491
1933.28 -52.7482
1934.13 -52.5841
1934.99 -52.4845
1935.84 -52.4163
1936.7 -52.3304
1937.55 -52.1494
1938.41 -51.9805
1939.04 -51.9439
1939.67 -51.9272
1940.3 -51.863
1940.93 -51.7977
1941.56 -51.6924
1942.02 -51.6145
1942.49 -51.5729
1942.95 -51.6105
1943.42 -51.613
1943.88 -51.5366
1944.35 -51.3032
1944.82 -51.142
1945.13 -51.1892
1945.45 -51.2371
1945.77 -51.2389
1946.09 -51.1334
1946.41 -51.1195
1946.63 -51.1817
1946.85 -51.1838
1947.07 -51.1249
1947.29 -51.0208
1947.5 -51.0009
1947.72 -51.047
1947.94 -51.0976
1948.16 -51.0265
1948.38 -50.9667
1948.53 -50.9964
1948.68 -51.0105
1948.83 -50.9854
1948.99 -50.9312
1949.14 -50.9161
1949.29 -50.9348
1949.44 -50.957
1949.6 -50.924
1949.75 -50.8937
1949.9 -50.8835
1950.05 -50.9052
1950.2 -50.873
1950.36 -50.8428
1950.51 -50.8179
1950.66 -50.8406
1950.81 -50.7849
1950.93 -50.7132
1951.04 -50.7032
1951.15 -50.7344
1951.26 -50.7592
1951.38 -50.7512
1951.49 -50.7368
1951.6 -50.7301
1951.71 -50.7333
1951.83 -50.7326
1951.94 -50.7309
1952.05 -50.7257
1952.16 -50.7199
1952.28 -50.711
1952.39 -50.707
1952.5 -50.7049
1952.61 -50.7017
1952.73 -50.692
1952.9 -50.6774
1953.07 -50.6811
1953.25 -50.6895
1953.42 -50.6886
1953.59 -50.6693
1953.77 -50.6501
1953.94 -50.6364
1954.11 -50.6303
1954.29 -50.618
1954.46 -50.605
1954.63 -50.5904
1954.91 -50.5705
1955.18 -50.5594
1955.46 -50.5441
1955.74 -50.5297
1956.23 -50.4982
1956.72 -50.4612
1957.61 -50.4004
1958.5 -50.3459
1959.39 -50.287
1960.28 -50.2371
1961.17 -50.1757
1962.06 -50.1321
1962.95 -50.0816
1963.84 -50.0303
1965.24 -49.9528
1966.64 -49.8702
1968.04 -49.7854
1970.45 -49.6406
1972.85 -49.4992
1975.26 -49.3667
1977.67 -49.235
1980.08 -49.1077
1981.11 -49.0486
1982.14 -48.9903
1983.71 -48.9023
1987.09 -48.7103
1990.47 -48.5228
1993.85 -48.3278
1997.23 -48.1231
2000 -47.9463
2000 -47.9463
2000 -47.9909
2000 -48.0333
2000.01 -48.0964
2000.01 -48.19
2000.02 -48.3546
2000.03 -48.5106
2000.04 -48.6609
2000.05 -48.8071
2000.07 -49.0537
2000.08 -49.2917
2000.11 -49.6456
2000.14 -49.9851
2000.16 -50.3122
2000.2 -50.8306
2000.25 -51.3217
2000.32 -52.1415
2000.4 -52.8911
2000.48 -53.5771
2000.55 -54.206
2000.63 -54.7837
2000.75 -55.6188
2000.87 -56.3556
2001 -57.0107
2001.19 -57.8895
2001.37 -58.6435
2001.56 -59.3003
2001.87 -60.2005
2002.17 -60.9572
2002.47 -61.6061
2002.78 -62.1735
2003.08 -62.679
2003.38 -63.1362
2003.88 -63.8081
2004.38 -64.4029
2004.88 -64.9384
2005.38 -65.4283
2005.88 -65.8829
2006.38 -66.3092
2007.2 -66.9564
2008.02 -67.5535
2008.83 -68.1084
2009.65 -68.6274
2010.46 -69.1154
2011.75 -69.8307
2013.04 -70.4856
2014.33 -71.0863
2016.27 -71.8996
2018.21 -72.6183
2020.15 -73.2546
2022.09 -73.819
2024.03 -74.3207
2025.97 -74.7674
2029.7 -75.4946
2033.42 -76.0791
2037.15 -76.5494
2040.88 -76.9282
2044.6 -77.2333
2048.33 -77.4785
2052.06 -77.6751
2055.78 -77.8324
2061.42 -78.0127
2067.06 -78.1404
2072.71 -78.2293
2078.35 -78.2896
2083.99 -78.3293
2089.63 -78.3544
2095.27 -78.3691
2104.52 -78.378
2113.78 -78.3744
2123.03 -78.3632
2132.29 -78.3474
2141.54 -78.3288
2150.8 -78.3088
2168.51 -78.2691
2186.22 -78.2283
2203.92 -78.187
2221.63 -78.1451
2262.97 -78.0473
2304.31 -77.9509
2345.64 -77.8551
2386.98 -77.7598
2476.33 -77.5552
2565.69 -77.3529
2770.73 -76.8995
2975.77 -76.4624
3000 -76.4118
