0.6732326406
0.8080295522
0.1116915329
0.7492889458
0.5424827916
0.9175851801
0.9558070755
0.7498891008
0.8087906798
0.8500859660
0.5113006811
0.5903816145
0.6417263380
0.7502516522
0.1203967921
0.2612263774
0.3583378279
0.1047184103
0.3315856425
0.4772560225
0.1398340752
0.1248182164
0.2417015768
0.7728171042
0.7247275187
0.7978516263
0.5358935004
0.6017146179
0.6555210645
0.6964937132
0.7742618920
0.7169840249
0.7762392859
0.6062336922
0.6721791027
0.7101790084
0.7718533361
0.5722013170
0.6088130438
0.7808572785
0.7858019605
0.6080002013
0.6972309146
0.7696227231
0.7892878659
0.6398409830
0.7036371834
0.7880242905
0.5936524774
0.6737468156
0.7728827767
0.7666667347
0.7442165440
0.5673429746
0.6817726102
0.7812064193
